1	1	1
1	1	2
1	2	2
1	2	3
2	2	2
1	3	3
2	2	3
1	3	4
2	2	4
2	3	3
1	4	4
2	3	4
3	3	3
1	4	5
2	3	5
2	4	4
3	3	4
1	5	5
2	4	5
3	3	5
3	4	4
1	5	6
2	4	6
2	5	5
3	3	6
3	4	5
4	4	4
1	6	6
2	5	6
3	4	6
3	5	5
4	4	5
1	6	7
2	5	7
2	6	6
3	4	7
3	5	6
4	4	6
4	5	5
1	7	7
2	6	7
3	5	7
3	6	6
4	4	7
4	5	6
5	5	5
1	7	8
2	6	8
2	7	7
3	5	8
3	6	7
4	4	8
4	5	7
4	6	6
5	5	6
1	8	8
2	7	8
3	6	8
3	7	7
4	5	8
4	6	7
5	5	7
5	6	6
1	8	9
2	7	9
2	8	8
3	6	9
3	7	8
4	5	9
4	6	8
4	7	7
5	5	8
5	6	7
6	6	6
1	9	9
2	8	9
3	7	9
3	8	8
4	6	9
4	7	8
5	5	9
5	6	8
5	7	7
6	6	7
1	9	10
2	8	10
2	9	9
3	7	10
3	8	9
4	6	10
4	7	9
4	8	8
5	5	10
5	6	9
5	7	8
6	6	8
6	7	7
1	10	10
2	9	10
3	8	10
3	9	9
4	7	10
4	8	9
5	6	10
5	7	9
5	8	8
6	6	9
6	7	8
7	7	7
1	10	11
2	9	11
2	10	10
3	8	11
3	9	10
4	7	11
4	8	10
4	9	9
5	6	11
5	7	10
5	8	9
6	6	10
6	7	9
6	8	8
7	7	8
1	11	11
2	10	11
3	9	11
3	10	10
4	8	11
4	9	10
5	7	11
5	8	10
5	9	9
6	6	11
6	7	10
6	8	9
7	7	9
7	8	8
1	11	12
2	10	12
2	11	11
3	9	12
3	10	11
4	8	12
4	9	11
4	10	10
5	7	12
5	8	11
5	9	10
6	6	12
6	7	11
6	8	10
6	9	9
7	7	10
7	8	9
8	8	8
1	12	12
2	11	12
3	10	12
3	11	11
4	9	12
4	10	11
5	8	12
5	9	11
5	10	10
6	7	12
6	8	11
6	9	10
7	7	11
7	8	10
7	9	9
8	8	9
1	12	13
2	11	13
2	12	12
3	10	13
3	11	12
4	9	13
4	10	12
4	11	11
5	8	13
5	9	12
5	10	11
6	7	13
6	8	12
6	9	11
6	10	10
7	7	12
7	8	11
7	9	10
8	8	10
8	9	9
1	13	13
2	12	13
3	11	13
3	12	12
4	10	13
4	11	12
5	9	13
5	10	12
5	11	11
6	8	13
6	9	12
6	10	11
7	7	13
7	8	12
7	9	11
7	10	10
8	8	11
8	9	10
9	9	9
1	13	14
2	12	14
2	13	13
3	11	14
3	12	13
4	10	14
4	11	13
4	12	12
5	9	14
5	10	13
5	11	12
6	8	14
6	9	13
6	10	12
6	11	11
7	7	14
7	8	13
7	9	12
7	10	11
8	8	12
8	9	11
8	10	10
9	9	10
1	14	14
2	13	14
3	12	14
3	13	13
4	11	14
4	12	13
5	10	14
5	11	13
5	12	12
6	9	14
6	10	13
6	11	12
7	8	14
7	9	13
7	10	12
7	11	11
8	8	13
8	9	12
8	10	11
9	9	11
9	10	10
1	14	15
2	13	15
2	14	14
3	12	15
3	13	14
4	11	15
4	12	14
4	13	13
5	10	15
5	11	14
5	12	13
6	9	15
6	10	14
6	11	13
6	12	12
7	8	15
7	9	14
7	10	13
7	11	12
8	8	14
8	9	13
8	10	12
8	11	11
9	9	12
9	10	11
10	10	10
1	15	15
2	14	15
3	13	15
3	14	14
4	12	15
4	13	14
5	11	15
5	12	14
5	13	13
6	10	15
6	11	14
6	12	13
7	9	15
7	10	14
7	11	13
7	12	12
8	8	15
8	9	14
8	10	13
8	11	12
9	9	13
9	10	12
9	11	11
10	10	11
1	15	16
2	14	16
2	15	15
3	13	16
3	14	15
4	12	16
4	13	15
4	14	14
5	11	16
5	12	15
5	13	14
6	10	16
6	11	15
6	12	14
6	13	13
7	9	16
7	10	15
7	11	14
7	12	13
8	8	16
8	9	15
8	10	14
8	11	13
8	12	12
9	9	14
9	10	13
9	11	12
10	10	12
10	11	11
1	16	16
2	15	16
3	14	16
3	15	15
4	13	16
4	14	15
5	12	16
5	13	15
5	14	14
6	11	16
6	12	15
6	13	14
7	10	16
7	11	15
7	12	14
7	13	13
8	9	16
8	10	15
8	11	14
8	12	13
9	9	15
9	10	14
9	11	13
9	12	12
10	10	13
10	11	12
11	11	11
1	16	17
2	15	17
2	16	16
3	14	17
3	15	16
4	13	17
4	14	16
4	15	15
5	12	17
5	13	16
5	14	15
6	11	17
6	12	16
6	13	15
6	14	14
7	10	17
7	11	16
7	12	15
7	13	14
8	9	17
8	10	16
8	11	15
8	12	14
8	13	13
9	9	16
9	10	15
9	11	14
9	12	13
10	10	14
10	11	13
10	12	12
11	11	12
1	17	17
2	16	17
3	15	17
3	16	16
4	14	17
4	15	16
5	13	17
5	14	16
5	15	15
6	12	17
6	13	16
6	14	15
7	11	17
7	12	16
7	13	15
7	14	14
8	10	17
8	11	16
8	12	15
8	13	14
9	9	17
9	10	16
9	11	15
9	12	14
9	13	13
10	10	15
10	11	14
10	12	13
11	11	13
11	12	12
1	17	18
2	16	18
2	17	17
3	15	18
3	16	17
4	14	18
4	15	17
4	16	16
5	13	18
5	14	17
5	15	16
6	12	18
6	13	17
6	14	16
6	15	15
7	11	18
7	12	17
7	13	16
7	14	15
8	10	18
8	11	17
8	12	16
8	13	15
8	14	14
9	9	18
9	10	17
9	11	16
9	12	15
9	13	14
10	10	16
10	11	15
10	12	14
10	13	13
11	11	14
11	12	13
12	12	12
1	18	18
2	17	18
3	16	18
3	17	17
4	15	18
4	16	17
5	14	18
5	15	17
5	16	16
6	13	18
6	14	17
6	15	16
7	12	18
7	13	17
7	14	16
7	15	15
8	11	18
8	12	17
8	13	16
8	14	15
9	10	18
9	11	17
9	12	16
9	13	15
9	14	14
10	10	17
10	11	16
10	12	15
10	13	14
11	11	15
11	12	14
11	13	13
12	12	13
1	18	19
2	17	19
2	18	18
3	16	19
3	17	18
4	15	19
4	16	18
4	17	17
5	14	19
5	15	18
5	16	17
6	13	19
6	14	18
6	15	17
6	16	16
7	12	19
7	13	18
7	14	17
7	15	16
8	11	19
8	12	18
8	13	17
8	14	16
8	15	15
9	10	19
9	11	18
9	12	17
9	13	16
9	14	15
10	10	18
10	11	17
10	12	16
10	13	15
10	14	14
11	11	16
11	12	15
11	13	14
12	12	14
12	13	13
1	19	19
2	18	19
3	17	19
3	18	18
4	16	19
4	17	18
5	15	19
5	16	18
5	17	17
6	14	19
6	15	18
6	16	17
7	13	19
7	14	18
7	15	17
7	16	16
8	12	19
8	13	18
8	14	17
8	15	16
9	11	19
9	12	18
9	13	17
9	14	16
9	15	15
10	10	19
10	11	18
10	12	17
10	13	16
10	14	15
11	11	17
11	12	16
11	13	15
11	14	14
12	12	15
12	13	14
13	13	13
1	19	20
2	18	20
2	19	19
3	17	20
3	18	19
4	16	20
4	17	19
4	18	18
5	15	20
5	16	19
5	17	18
6	14	20
6	15	19
6	16	18
6	17	17
7	13	20
7	14	19
7	15	18
7	16	17
8	12	20
8	13	19
8	14	18
8	15	17
8	16	16
9	11	20
9	12	19
9	13	18
9	14	17
9	15	16
10	10	20
10	11	19
10	12	18
10	13	17
10	14	16
10	15	15
11	11	18
11	12	17
11	13	16
11	14	15
12	12	16
12	13	15
12	14	14
13	13	14
1	20	20
2	19	20
3	18	20
3	19	19
4	17	20
4	18	19
5	16	20
5	17	19
5	18	18
6	15	20
6	16	19
6	17	18
7	14	20
7	15	19
7	16	18
7	17	17
8	13	20
8	14	19
8	15	18
8	16	17
9	12	20
9	13	19
9	14	18
9	15	17
9	16	16
10	11	20
10	12	19
10	13	18
10	14	17
10	15	16
11	11	19
11	12	18
11	13	17
11	14	16
11	15	15
12	12	17
12	13	16
12	14	15
13	13	15
13	14	14
1	20	21
2	19	21
2	20	20
3	18	21
3	19	20
4	17	21
4	18	20
4	19	19
5	16	21
5	17	20
5	18	19
6	15	21
6	16	20
6	17	19
6	18	18
7	14	21
7	15	20
7	16	19
7	17	18
8	13	21
8	14	20
8	15	19
8	16	18
8	17	17
9	12	21
9	13	20
9	14	19
9	15	18
9	16	17
10	11	21
10	12	20
10	13	19
10	14	18
10	15	17
10	16	16
11	11	20
11	12	19
11	13	18
11	14	17
11	15	16
12	12	18
12	13	17
12	14	16
12	15	15
13	13	16
13	14	15
14	14	14
1	21	21
2	20	21
3	19	21
3	20	20
4	18	21
4	19	20
5	17	21
5	18	20
5	19	19
6	16	21
6	17	20
6	18	19
7	15	21
7	16	20
7	17	19
7	18	18
8	14	21
8	15	20
8	16	19
8	17	18
9	13	21
9	14	20
9	15	19
9	16	18
9	17	17
10	12	21
10	13	20
10	14	19
10	15	18
10	16	17
11	11	21
11	12	20
11	13	19
11	14	18
11	15	17
11	16	16
12	12	19
12	13	18
12	14	17
12	15	16
13	13	17
13	14	16
13	15	15
14	14	15
1	21	22
2	20	22
2	21	21
3	19	22
3	20	21
4	18	22
4	19	21
4	20	20
5	17	22
5	18	21
5	19	20
6	16	22
6	17	21
6	18	20
6	19	19
7	15	22
7	16	21
7	17	20
7	18	19
8	14	22
8	15	21
8	16	20
8	17	19
8	18	18
9	13	22
9	14	21
9	15	20
9	16	19
9	17	18
10	12	22
10	13	21
10	14	20
10	15	19
10	16	18
10	17	17
11	11	22
11	12	21
11	13	20
11	14	19
11	15	18
11	16	17
12	12	20
12	13	19
12	14	18
12	15	17
12	16	16
13	13	18
13	14	17
13	15	16
14	14	16
14	15	15
1	22	22
2	21	22
3	20	22
3	21	21
4	19	22
4	20	21
5	18	22
5	19	21
5	20	20
6	17	22
6	18	21
6	19	20
7	16	22
7	17	21
7	18	20
7	19	19
8	15	22
8	16	21
8	17	20
8	18	19
9	14	22
9	15	21
9	16	20
9	17	19
9	18	18
10	13	22
10	14	21
10	15	20
10	16	19
10	17	18
11	12	22
11	13	21
11	14	20
11	15	19
11	16	18
11	17	17
12	12	21
12	13	20
12	14	19
12	15	18
12	16	17
13	13	19
13	14	18
13	15	17
13	16	16
14	14	17
14	15	16
15	15	15
1	22	23
2	21	23
2	22	22
3	20	23
3	21	22
4	19	23
4	20	22
4	21	21
5	18	23
5	19	22
5	20	21
6	17	23
6	18	22
6	19	21
6	20	20
7	16	23
7	17	22
7	18	21
7	19	20
8	15	23
8	16	22
8	17	21
8	18	20
8	19	19
9	14	23
9	15	22
9	16	21
9	17	20
9	18	19
10	13	23
10	14	22
10	15	21
10	16	20
10	17	19
10	18	18
11	12	23
11	13	22
11	14	21
11	15	20
11	16	19
11	17	18
12	12	22
12	13	21
12	14	20
12	15	19
12	16	18
12	17	17
13	13	20
13	14	19
13	15	18
13	16	17
14	14	18
14	15	17
14	16	16
15	15	16
1	23	23
2	22	23
3	21	23
3	22	22
4	20	23
4	21	22
5	19	23
5	20	22
5	21	21
6	18	23
6	19	22
6	20	21
7	17	23
7	18	22
7	19	21
7	20	20
8	16	23
8	17	22
8	18	21
8	19	20
9	15	23
9	16	22
9	17	21
9	18	20
9	19	19
10	14	23
10	15	22
10	16	21
10	17	20
10	18	19
11	13	23
11	14	22
11	15	21
11	16	20
11	17	19
11	18	18
12	12	23
12	13	22
12	14	21
12	15	20
12	16	19
12	17	18
13	13	21
13	14	20
13	15	19
13	16	18
13	17	17
14	14	19
14	15	18
14	16	17
15	15	17
15	16	16
1	23	24
2	22	24
2	23	23
3	21	24
3	22	23
4	20	24
4	21	23
4	22	22
5	19	24
5	20	23
5	21	22
6	18	24
6	19	23
6	20	22
6	21	21
7	17	24
7	18	23
7	19	22
7	20	21
8	16	24
8	17	23
8	18	22
8	19	21
8	20	20
9	15	24
9	16	23
9	17	22
9	18	21
9	19	20
10	14	24
10	15	23
10	16	22
10	17	21
10	18	20
10	19	19
11	13	24
11	14	23
11	15	22
11	16	21
11	17	20
11	18	19
12	12	24
12	13	23
12	14	22
12	15	21
12	16	20
12	17	19
12	18	18
13	13	22
13	14	21
13	15	20
13	16	19
13	17	18
14	14	20
14	15	19
14	16	18
14	17	17
15	15	18
15	16	17
16	16	16
1	24	24
2	23	24
3	22	24
3	23	23
4	21	24
4	22	23
5	20	24
5	21	23
5	22	22
6	19	24
6	20	23
6	21	22
7	18	24
7	19	23
7	20	22
7	21	21
8	17	24
8	18	23
8	19	22
8	20	21
9	16	24
9	17	23
9	18	22
9	19	21
9	20	20
10	15	24
10	16	23
10	17	22
10	18	21
10	19	20
11	14	24
11	15	23
11	16	22
11	17	21
11	18	20
11	19	19
12	13	24
12	14	23
12	15	22
12	16	21
12	17	20
12	18	19
13	13	23
13	14	22
13	15	21
13	16	20
13	17	19
13	18	18
14	14	21
14	15	20
14	16	19
14	17	18
15	15	19
15	16	18
15	17	17
16	16	17
1	24	25
2	23	25
2	24	24
3	22	25
3	23	24
4	21	25
4	22	24
4	23	23
5	20	25
5	21	24
5	22	23
6	19	25
6	20	24
6	21	23
6	22	22
7	18	25
7	19	24
7	20	23
7	21	22
8	17	25
8	18	24
8	19	23
8	20	22
8	21	21
9	16	25
9	17	24
9	18	23
9	19	22
9	20	21
10	15	25
10	16	24
10	17	23
10	18	22
10	19	21
10	20	20
11	14	25
11	15	24
11	16	23
11	17	22
11	18	21
11	19	20
12	13	25
12	14	24
12	15	23
12	16	22
12	17	21
12	18	20
12	19	19
13	13	24
13	14	23
13	15	22
13	16	21
13	17	20
13	18	19
14	14	22
14	15	21
14	16	20
14	17	19
14	18	18
15	15	20
15	16	19
15	17	18
16	16	18
16	17	17
1	25	25
2	24	25
3	23	25
3	24	24
4	22	25
4	23	24
5	21	25
5	22	24
5	23	23
6	20	25
6	21	24
6	22	23
7	19	25
7	20	24
7	21	23
7	22	22
8	18	25
8	19	24
8	20	23
8	21	22
9	17	25
9	18	24
9	19	23
9	20	22
9	21	21
10	16	25
10	17	24
10	18	23
10	19	22
10	20	21
11	15	25
11	16	24
11	17	23
11	18	22
11	19	21
11	20	20
12	14	25
12	15	24
12	16	23
12	17	22
12	18	21
12	19	20
13	13	25
13	14	24
13	15	23
13	16	22
13	17	21
13	18	20
13	19	19
14	14	23
14	15	22
14	16	21
14	17	20
14	18	19
15	15	21
15	16	20
15	17	19
15	18	18
16	16	19
16	17	18
17	17	17
1	25	26
2	24	26
2	25	25
3	23	26
3	24	25
4	22	26
4	23	25
4	24	24
5	21	26
5	22	25
5	23	24
6	20	26
6	21	25
6	22	24
6	23	23
7	19	26
7	20	25
7	21	24
7	22	23
8	18	26
8	19	25
8	20	24
8	21	23
8	22	22
9	17	26
9	18	25
9	19	24
9	20	23
9	21	22
10	16	26
10	17	25
10	18	24
10	19	23
10	20	22
10	21	21
11	15	26
11	16	25
11	17	24
11	18	23
11	19	22
11	20	21
12	14	26
12	15	25
12	16	24
12	17	23
12	18	22
12	19	21
12	20	20
13	13	26
13	14	25
13	15	24
13	16	23
13	17	22
13	18	21
13	19	20
14	14	24
14	15	23
14	16	22
14	17	21
14	18	20
14	19	19
15	15	22
15	16	21
15	17	20
15	18	19
16	16	20
16	17	19
16	18	18
17	17	18
1	26	26
2	25	26
3	24	26
3	25	25
4	23	26
4	24	25
5	22	26
5	23	25
5	24	24
6	21	26
6	22	25
6	23	24
7	20	26
7	21	25
7	22	24
7	23	23
8	19	26
8	20	25
8	21	24
8	22	23
9	18	26
9	19	25
9	20	24
9	21	23
9	22	22
10	17	26
10	18	25
10	19	24
10	20	23
10	21	22
11	16	26
11	17	25
11	18	24
11	19	23
11	20	22
11	21	21
12	15	26
12	16	25
12	17	24
12	18	23
12	19	22
12	20	21
13	14	26
13	15	25
13	16	24
13	17	23
13	18	22
13	19	21
13	20	20
14	14	25
14	15	24
14	16	23
14	17	22
14	18	21
14	19	20
15	15	23
15	16	22
15	17	21
15	18	20
15	19	19
16	16	21
16	17	20
16	18	19
17	17	19
17	18	18
1	26	27
2	25	27
2	26	26
3	24	27
3	25	26
4	23	27
4	24	26
4	25	25
5	22	27
5	23	26
5	24	25
6	21	27
6	22	26
6	23	25
6	24	24
7	20	27
7	21	26
7	22	25
7	23	24
8	19	27
8	20	26
8	21	25
8	22	24
8	23	23
9	18	27
9	19	26
9	20	25
9	21	24
9	22	23
10	17	27
10	18	26
10	19	25
10	20	24
10	21	23
10	22	22
11	16	27
11	17	26
11	18	25
11	19	24
11	20	23
11	21	22
12	15	27
12	16	26
12	17	25
12	18	24
12	19	23
12	20	22
12	21	21
13	14	27
13	15	26
13	16	25
13	17	24
13	18	23
13	19	22
13	20	21
14	14	26
14	15	25
14	16	24
14	17	23
14	18	22
14	19	21
14	20	20
15	15	24
15	16	23
15	17	22
15	18	21
15	19	20
16	16	22
16	17	21
16	18	20
16	19	19
17	17	20
17	18	19
18	18	18
1	27	27
2	26	27
3	25	27
3	26	26
4	24	27
4	25	26
5	23	27
5	24	26
5	25	25
6	22	27
6	23	26
6	24	25
7	21	27
7	22	26
7	23	25
7	24	24
8	20	27
8	21	26
8	22	25
8	23	24
9	19	27
9	20	26
9	21	25
9	22	24
9	23	23
10	18	27
10	19	26
10	20	25
10	21	24
10	22	23
11	17	27
11	18	26
11	19	25
11	20	24
11	21	23
11	22	22
12	16	27
12	17	26
12	18	25
12	19	24
12	20	23
12	21	22
13	15	27
13	16	26
13	17	25
13	18	24
13	19	23
13	20	22
13	21	21
14	14	27
14	15	26
14	16	25
14	17	24
14	18	23
14	19	22
14	20	21
15	15	25
15	16	24
15	17	23
15	18	22
15	19	21
15	20	20
16	16	23
16	17	22
16	18	21
16	19	20
17	17	21
17	18	20
17	19	19
18	18	19
1	27	28
2	26	28
2	27	27
3	25	28
3	26	27
4	24	28
4	25	27
4	26	26
5	23	28
5	24	27
5	25	26
6	22	28
6	23	27
6	24	26
6	25	25
7	21	28
7	22	27
7	23	26
7	24	25
8	20	28
8	21	27
8	22	26
8	23	25
8	24	24
9	19	28
9	20	27
9	21	26
9	22	25
9	23	24
10	18	28
10	19	27
10	20	26
10	21	25
10	22	24
10	23	23
11	17	28
11	18	27
11	19	26
11	20	25
11	21	24
11	22	23
12	16	28
12	17	27
12	18	26
12	19	25
12	20	24
12	21	23
12	22	22
13	15	28
13	16	27
13	17	26
13	18	25
13	19	24
13	20	23
13	21	22
14	14	28
14	15	27
14	16	26
14	17	25
14	18	24
14	19	23
14	20	22
14	21	21
15	15	26
15	16	25
15	17	24
15	18	23
15	19	22
15	20	21
16	16	24
16	17	23
16	18	22
16	19	21
16	20	20
17	17	22
17	18	21
17	19	20
18	18	20
18	19	19
1	28	28
2	27	28
3	26	28
3	27	27
4	25	28
4	26	27
5	24	28
5	25	27
5	26	26
6	23	28
6	24	27
6	25	26
7	22	28
7	23	27
7	24	26
7	25	25
8	21	28
8	22	27
8	23	26
8	24	25
9	20	28
9	21	27
9	22	26
9	23	25
9	24	24
10	19	28
10	20	27
10	21	26
10	22	25
10	23	24
11	18	28
11	19	27
11	20	26
11	21	25
11	22	24
11	23	23
12	17	28
12	18	27
12	19	26
12	20	25
12	21	24
12	22	23
13	16	28
13	17	27
13	18	26
13	19	25
13	20	24
13	21	23
13	22	22
14	15	28
14	16	27
14	17	26
14	18	25
14	19	24
14	20	23
14	21	22
15	15	27
15	16	26
15	17	25
15	18	24
15	19	23
15	20	22
15	21	21
16	16	25
16	17	24
16	18	23
16	19	22
16	20	21
17	17	23
17	18	22
17	19	21
17	20	20
18	18	21
18	19	20
19	19	19
1	28	29
2	27	29
2	28	28
3	26	29
3	27	28
4	25	29
4	26	28
4	27	27
5	24	29
5	25	28
5	26	27
6	23	29
6	24	28
6	25	27
6	26	26
7	22	29
7	23	28
7	24	27
7	25	26
8	21	29
8	22	28
8	23	27
8	24	26
8	25	25
9	20	29
9	21	28
9	22	27
9	23	26
9	24	25
10	19	29
10	20	28
10	21	27
10	22	26
10	23	25
10	24	24
11	18	29
11	19	28
11	20	27
11	21	26
11	22	25
11	23	24
12	17	29
12	18	28
12	19	27
12	20	26
12	21	25
12	22	24
12	23	23
13	16	29
13	17	28
13	18	27
13	19	26
13	20	25
13	21	24
13	22	23
14	15	29
14	16	28
14	17	27
14	18	26
14	19	25
14	20	24
14	21	23
14	22	22
15	15	28
15	16	27
15	17	26
15	18	25
15	19	24
15	20	23
15	21	22
16	16	26
16	17	25
16	18	24
16	19	23
16	20	22
16	21	21
17	17	24
17	18	23
17	19	22
17	20	21
18	18	22
18	19	21
18	20	20
19	19	20
1	29	29
2	28	29
3	27	29
3	28	28
4	26	29
4	27	28
5	25	29
5	26	28
5	27	27
6	24	29
6	25	28
6	26	27
7	23	29
7	24	28
7	25	27
7	26	26
8	22	29
8	23	28
8	24	27
8	25	26
9	21	29
9	22	28
9	23	27
9	24	26
9	25	25
10	20	29
10	21	28
10	22	27
10	23	26
10	24	25
11	19	29
11	20	28
11	21	27
11	22	26
11	23	25
11	24	24
12	18	29
12	19	28
12	20	27
12	21	26
12	22	25
12	23	24
13	17	29
13	18	28
13	19	27
13	20	26
13	21	25
13	22	24
13	23	23
14	16	29
14	17	28
14	18	27
14	19	26
14	20	25
14	21	24
14	22	23
15	15	29
15	16	28
15	17	27
15	18	26
15	19	25
15	20	24
15	21	23
15	22	22
16	16	27
16	17	26
16	18	25
16	19	24
16	20	23
16	21	22
17	17	25
17	18	24
17	19	23
17	20	22
17	21	21
18	18	23
18	19	22
18	20	21
19	19	21
19	20	20
1	29	30
2	28	30
2	29	29
3	27	30
3	28	29
4	26	30
4	27	29
4	28	28
5	25	30
5	26	29
5	27	28
6	24	30
6	25	29
6	26	28
6	27	27
7	23	30
7	24	29
7	25	28
7	26	27
8	22	30
8	23	29
8	24	28
8	25	27
8	26	26
9	21	30
9	22	29
9	23	28
9	24	27
9	25	26
10	20	30
10	21	29
10	22	28
10	23	27
10	24	26
10	25	25
11	19	30
11	20	29
11	21	28
11	22	27
11	23	26
11	24	25
12	18	30
12	19	29
12	20	28
12	21	27
12	22	26
12	23	25
12	24	24
13	17	30
13	18	29
13	19	28
13	20	27
13	21	26
13	22	25
13	23	24
14	16	30
14	17	29
14	18	28
14	19	27
14	20	26
14	21	25
14	22	24
14	23	23
15	15	30
15	16	29
15	17	28
15	18	27
15	19	26
15	20	25
15	21	24
15	22	23
16	16	28
16	17	27
16	18	26
16	19	25
16	20	24
16	21	23
16	22	22
17	17	26
17	18	25
17	19	24
17	20	23
17	21	22
18	18	24
18	19	23
18	20	22
18	21	21
19	19	22
19	20	21
20	20	20
1	30	30
2	29	30
3	28	30
3	29	29
4	27	30
4	28	29
5	26	30
5	27	29
5	28	28
6	25	30
6	26	29
6	27	28
7	24	30
7	25	29
7	26	28
7	27	27
8	23	30
8	24	29
8	25	28
8	26	27
9	22	30
9	23	29
9	24	28
9	25	27
9	26	26
10	21	30
10	22	29
10	23	28
10	24	27
10	25	26
11	20	30
11	21	29
11	22	28
11	23	27
11	24	26
11	25	25
12	19	30
12	20	29
12	21	28
12	22	27
12	23	26
12	24	25
13	18	30
13	19	29
13	20	28
13	21	27
13	22	26
13	23	25
13	24	24
14	17	30
14	18	29
14	19	28
14	20	27
14	21	26
14	22	25
14	23	24
15	16	30
15	17	29
15	18	28
15	19	27
15	20	26
15	21	25
15	22	24
15	23	23
16	16	29
16	17	28
16	18	27
16	19	26
16	20	25
16	21	24
16	22	23
17	17	27
17	18	26
17	19	25
17	20	24
17	21	23
17	22	22
18	18	25
18	19	24
18	20	23
18	21	22
19	19	23
19	20	22
19	21	21
20	20	21
1	30	31
2	29	31
2	30	30
3	28	31
3	29	30
4	27	31
4	28	30
4	29	29
5	26	31
5	27	30
5	28	29
6	25	31
6	26	30
6	27	29
6	28	28
7	24	31
7	25	30
7	26	29
7	27	28
8	23	31
8	24	30
8	25	29
8	26	28
8	27	27
9	22	31
9	23	30
9	24	29
9	25	28
9	26	27
10	21	31
10	22	30
10	23	29
10	24	28
10	25	27
10	26	26
11	20	31
11	21	30
11	22	29
11	23	28
11	24	27
11	25	26
12	19	31
12	20	30
12	21	29
12	22	28
12	23	27
12	24	26
12	25	25
13	18	31
13	19	30
13	20	29
13	21	28
13	22	27
13	23	26
13	24	25
14	17	31
14	18	30
14	19	29
14	20	28
14	21	27
14	22	26
14	23	25
14	24	24
15	16	31
15	17	30
15	18	29
15	19	28
15	20	27
15	21	26
15	22	25
15	23	24
16	16	30
16	17	29
16	18	28
16	19	27
16	20	26
16	21	25
16	22	24
16	23	23
17	17	28
17	18	27
17	19	26
17	20	25
17	21	24
17	22	23
18	18	26
18	19	25
18	20	24
18	21	23
18	22	22
19	19	24
19	20	23
19	21	22
20	20	22
20	21	21
1	31	31
2	30	31
3	29	31
3	30	30
4	28	31
4	29	30
5	27	31
5	28	30
5	29	29
6	26	31
6	27	30
6	28	29
7	25	31
7	26	30
7	27	29
7	28	28
8	24	31
8	25	30
8	26	29
8	27	28
9	23	31
9	24	30
9	25	29
9	26	28
9	27	27
10	22	31
10	23	30
10	24	29
10	25	28
10	26	27
11	21	31
11	22	30
11	23	29
11	24	28
11	25	27
11	26	26
12	20	31
12	21	30
12	22	29
12	23	28
12	24	27
12	25	26
13	19	31
13	20	30
13	21	29
13	22	28
13	23	27
13	24	26
13	25	25
14	18	31
14	19	30
14	20	29
14	21	28
14	22	27
14	23	26
14	24	25
15	17	31
15	18	30
15	19	29
15	20	28
15	21	27
15	22	26
15	23	25
15	24	24
16	16	31
16	17	30
16	18	29
16	19	28
16	20	27
16	21	26
16	22	25
16	23	24
17	17	29
17	18	28
17	19	27
17	20	26
17	21	25
17	22	24
17	23	23
18	18	27
18	19	26
18	20	25
18	21	24
18	22	23
19	19	25
19	20	24
19	21	23
19	22	22
20	20	23
20	21	22
21	21	21
1	31	32
2	30	32
2	31	31
3	29	32
3	30	31
4	28	32
4	29	31
4	30	30
5	27	32
5	28	31
5	29	30
6	26	32
6	27	31
6	28	30
6	29	29
7	25	32
7	26	31
7	27	30
7	28	29
8	24	32
8	25	31
8	26	30
8	27	29
8	28	28
9	23	32
9	24	31
9	25	30
9	26	29
9	27	28
10	22	32
10	23	31
10	24	30
10	25	29
10	26	28
10	27	27
11	21	32
11	22	31
11	23	30
11	24	29
11	25	28
11	26	27
12	20	32
12	21	31
12	22	30
12	23	29
12	24	28
12	25	27
12	26	26
13	19	32
13	20	31
13	21	30
13	22	29
13	23	28
13	24	27
13	25	26
14	18	32
14	19	31
14	20	30
14	21	29
14	22	28
14	23	27
14	24	26
14	25	25
15	17	32
15	18	31
15	19	30
15	20	29
15	21	28
15	22	27
15	23	26
15	24	25
16	16	32
16	17	31
16	18	30
16	19	29
16	20	28
16	21	27
16	22	26
16	23	25
16	24	24
17	17	30
17	18	29
17	19	28
17	20	27
17	21	26
17	22	25
17	23	24
18	18	28
18	19	27
18	20	26
18	21	25
18	22	24
18	23	23
19	19	26
19	20	25
19	21	24
19	22	23
20	20	24
20	21	23
20	22	22
21	21	22
1	32	32
2	31	32
3	30	32
3	31	31
4	29	32
4	30	31
5	28	32
5	29	31
5	30	30
6	27	32
6	28	31
6	29	30
7	26	32
7	27	31
7	28	30
7	29	29
8	25	32
8	26	31
8	27	30
8	28	29
9	24	32
9	25	31
9	26	30
9	27	29
9	28	28
10	23	32
10	24	31
10	25	30
10	26	29
10	27	28
11	22	32
11	23	31
11	24	30
11	25	29
11	26	28
11	27	27
12	21	32
12	22	31
12	23	30
12	24	29
12	25	28
12	26	27
13	20	32
13	21	31
13	22	30
13	23	29
13	24	28
13	25	27
13	26	26
14	19	32
14	20	31
14	21	30
14	22	29
14	23	28
14	24	27
14	25	26
15	18	32
15	19	31
15	20	30
15	21	29
15	22	28
15	23	27
15	24	26
15	25	25
16	17	32
16	18	31
16	19	30
16	20	29
16	21	28
16	22	27
16	23	26
16	24	25
17	17	31
17	18	30
17	19	29
17	20	28
17	21	27
17	22	26
17	23	25
17	24	24
18	18	29
18	19	28
18	20	27
18	21	26
18	22	25
18	23	24
19	19	27
19	20	26
19	21	25
19	22	24
19	23	23
20	20	25
20	21	24
20	22	23
21	21	23
21	22	22
1	32	33
2	31	33
2	32	32
3	30	33
3	31	32
4	29	33
4	30	32
4	31	31
5	28	33
5	29	32
5	30	31
6	27	33
6	28	32
6	29	31
6	30	30
7	26	33
7	27	32
7	28	31
7	29	30
8	25	33
8	26	32
8	27	31
8	28	30
8	29	29
9	24	33
9	25	32
9	26	31
9	27	30
9	28	29
10	23	33
10	24	32
10	25	31
10	26	30
10	27	29
10	28	28
11	22	33
11	23	32
11	24	31
11	25	30
11	26	29
11	27	28
12	21	33
12	22	32
12	23	31
12	24	30
12	25	29
12	26	28
12	27	27
13	20	33
13	21	32
13	22	31
13	23	30
13	24	29
13	25	28
13	26	27
14	19	33
14	20	32
14	21	31
14	22	30
14	23	29
14	24	28
14	25	27
14	26	26
15	18	33
15	19	32
15	20	31
15	21	30
15	22	29
15	23	28
15	24	27
15	25	26
16	17	33
16	18	32
16	19	31
16	20	30
16	21	29
16	22	28
16	23	27
16	24	26
16	25	25
17	17	32
17	18	31
17	19	30
17	20	29
17	21	28
17	22	27
17	23	26
17	24	25
18	18	30
18	19	29
18	20	28
18	21	27
18	22	26
18	23	25
18	24	24
19	19	28
19	20	27
19	21	26
19	22	25
19	23	24
20	20	26
20	21	25
20	22	24
20	23	23
21	21	24
21	22	23
22	22	22
1	33	33
2	32	33
3	31	33
3	32	32
4	30	33
4	31	32
5	29	33
5	30	32
5	31	31
6	28	33
6	29	32
6	30	31
7	27	33
7	28	32
7	29	31
7	30	30
8	26	33
8	27	32
8	28	31
8	29	30
9	25	33
9	26	32
9	27	31
9	28	30
9	29	29
10	24	33
10	25	32
10	26	31
10	27	30
10	28	29
11	23	33
11	24	32
11	25	31
11	26	30
11	27	29
11	28	28
12	22	33
12	23	32
12	24	31
12	25	30
12	26	29
12	27	28
13	21	33
13	22	32
13	23	31
13	24	30
13	25	29
13	26	28
13	27	27
14	20	33
14	21	32
14	22	31
14	23	30
14	24	29
14	25	28
14	26	27
15	19	33
15	20	32
15	21	31
15	22	30
15	23	29
15	24	28
15	25	27
15	26	26
16	18	33
16	19	32
16	20	31
16	21	30
16	22	29
16	23	28
16	24	27
16	25	26
17	17	33
17	18	32
17	19	31
17	20	30
17	21	29
17	22	28
17	23	27
17	24	26
17	25	25
18	18	31
18	19	30
18	20	29
18	21	28
18	22	27
18	23	26
18	24	25
19	19	29
19	20	28
19	21	27
19	22	26
19	23	25
19	24	24
20	20	27
20	21	26
20	22	25
20	23	24
21	21	25
21	22	24
21	23	23
22	22	23
1	33	34
2	32	34
2	33	33
3	31	34
3	32	33
4	30	34
4	31	33
4	32	32
5	29	34
5	30	33
5	31	32
6	28	34
6	29	33
6	30	32
6	31	31
7	27	34
7	28	33
7	29	32
7	30	31
8	26	34
8	27	33
8	28	32
8	29	31
8	30	30
9	25	34
9	26	33
9	27	32
9	28	31
9	29	30
10	24	34
10	25	33
10	26	32
10	27	31
10	28	30
10	29	29
11	23	34
11	24	33
11	25	32
11	26	31
11	27	30
11	28	29
12	22	34
12	23	33
12	24	32
12	25	31
12	26	30
12	27	29
12	28	28
13	21	34
13	22	33
13	23	32
13	24	31
13	25	30
13	26	29
13	27	28
14	20	34
14	21	33
14	22	32
14	23	31
14	24	30
14	25	29
14	26	28
14	27	27
15	19	34
15	20	33
15	21	32
15	22	31
15	23	30
15	24	29
15	25	28
15	26	27
16	18	34
16	19	33
16	20	32
16	21	31
16	22	30
16	23	29
16	24	28
16	25	27
16	26	26
17	17	34
17	18	33
17	19	32
17	20	31
17	21	30
17	22	29
17	23	28
17	24	27
17	25	26
18	18	32
18	19	31
18	20	30
18	21	29
18	22	28
18	23	27
18	24	26
18	25	25
19	19	30
19	20	29
19	21	28
19	22	27
19	23	26
19	24	25
20	20	28
20	21	27
20	22	26
20	23	25
20	24	24
21	21	26
21	22	25
21	23	24
22	22	24
22	23	23
1	34	34
2	33	34
3	32	34
3	33	33
4	31	34
4	32	33
5	30	34
5	31	33
5	32	32
6	29	34
6	30	33
6	31	32
7	28	34
7	29	33
7	30	32
7	31	31
8	27	34
8	28	33
8	29	32
8	30	31
9	26	34
9	27	33
9	28	32
9	29	31
9	30	30
10	25	34
10	26	33
10	27	32
10	28	31
10	29	30
11	24	34
11	25	33
11	26	32
11	27	31
11	28	30
11	29	29
12	23	34
12	24	33
12	25	32
12	26	31
12	27	30
12	28	29
13	22	34
13	23	33
13	24	32
13	25	31
13	26	30
13	27	29
13	28	28
14	21	34
14	22	33
14	23	32
14	24	31
14	25	30
14	26	29
14	27	28
15	20	34
15	21	33
15	22	32
15	23	31
15	24	30
15	25	29
15	26	28
15	27	27
16	19	34
16	20	33
16	21	32
16	22	31
16	23	30
16	24	29
16	25	28
16	26	27
17	18	34
17	19	33
17	20	32
17	21	31
17	22	30
17	23	29
17	24	28
17	25	27
17	26	26
18	18	33
18	19	32
18	20	31
18	21	30
18	22	29
18	23	28
18	24	27
18	25	26
19	19	31
19	20	30
19	21	29
19	22	28
19	23	27
19	24	26
19	25	25
20	20	29
20	21	28
20	22	27
20	23	26
20	24	25
21	21	27
21	22	26
21	23	25
21	24	24
22	22	25
22	23	24
23	23	23
1	34	35
2	33	35
2	34	34
3	32	35
3	33	34
4	31	35
4	32	34
4	33	33
5	30	35
5	31	34
5	32	33
6	29	35
6	30	34
6	31	33
6	32	32
7	28	35
7	29	34
7	30	33
7	31	32
8	27	35
8	28	34
8	29	33
8	30	32
8	31	31
9	26	35
9	27	34
9	28	33
9	29	32
9	30	31
10	25	35
10	26	34
10	27	33
10	28	32
10	29	31
10	30	30
11	24	35
11	25	34
11	26	33
11	27	32
11	28	31
11	29	30
12	23	35
12	24	34
12	25	33
12	26	32
12	27	31
12	28	30
12	29	29
13	22	35
13	23	34
13	24	33
13	25	32
13	26	31
13	27	30
13	28	29
14	21	35
14	22	34
14	23	33
14	24	32
14	25	31
14	26	30
14	27	29
14	28	28
15	20	35
15	21	34
15	22	33
15	23	32
15	24	31
15	25	30
15	26	29
15	27	28
16	19	35
16	20	34
16	21	33
16	22	32
16	23	31
16	24	30
16	25	29
16	26	28
16	27	27
17	18	35
17	19	34
17	20	33
17	21	32
17	22	31
17	23	30
17	24	29
17	25	28
17	26	27
18	18	34
18	19	33
18	20	32
18	21	31
18	22	30
18	23	29
18	24	28
18	25	27
18	26	26
19	19	32
19	20	31
19	21	30
19	22	29
19	23	28
19	24	27
19	25	26
20	20	30
20	21	29
20	22	28
20	23	27
20	24	26
20	25	25
21	21	28
21	22	27
21	23	26
21	24	25
22	22	26
22	23	25
22	24	24
23	23	24
1	35	35
2	34	35
3	33	35
3	34	34
4	32	35
4	33	34
5	31	35
5	32	34
5	33	33
6	30	35
6	31	34
6	32	33
7	29	35
7	30	34
7	31	33
7	32	32
8	28	35
8	29	34
8	30	33
8	31	32
9	27	35
9	28	34
9	29	33
9	30	32
9	31	31
10	26	35
10	27	34
10	28	33
10	29	32
10	30	31
11	25	35
11	26	34
11	27	33
11	28	32
11	29	31
11	30	30
12	24	35
12	25	34
12	26	33
12	27	32
12	28	31
12	29	30
13	23	35
13	24	34
13	25	33
13	26	32
13	27	31
13	28	30
13	29	29
14	22	35
14	23	34
14	24	33
14	25	32
14	26	31
14	27	30
14	28	29
15	21	35
15	22	34
15	23	33
15	24	32
15	25	31
15	26	30
15	27	29
15	28	28
16	20	35
16	21	34
16	22	33
16	23	32
16	24	31
16	25	30
16	26	29
16	27	28
17	19	35
17	20	34
17	21	33
17	22	32
17	23	31
17	24	30
17	25	29
17	26	28
17	27	27
18	18	35
18	19	34
18	20	33
18	21	32
18	22	31
18	23	30
18	24	29
18	25	28
18	26	27
19	19	33
19	20	32
19	21	31
19	22	30
19	23	29
19	24	28
19	25	27
19	26	26
20	20	31
20	21	30
20	22	29
20	23	28
20	24	27
20	25	26
21	21	29
21	22	28
21	23	27
21	24	26
21	25	25
22	22	27
22	23	26
22	24	25
23	23	25
23	24	24
1	35	36
2	34	36
2	35	35
3	33	36
3	34	35
4	32	36
4	33	35
4	34	34
5	31	36
5	32	35
5	33	34
6	30	36
6	31	35
6	32	34
6	33	33
7	29	36
7	30	35
7	31	34
7	32	33
8	28	36
8	29	35
8	30	34
8	31	33
8	32	32
9	27	36
9	28	35
9	29	34
9	30	33
9	31	32
10	26	36
10	27	35
10	28	34
10	29	33
10	30	32
10	31	31
11	25	36
11	26	35
11	27	34
11	28	33
11	29	32
11	30	31
12	24	36
12	25	35
12	26	34
12	27	33
12	28	32
12	29	31
12	30	30
13	23	36
13	24	35
13	25	34
13	26	33
13	27	32
13	28	31
13	29	30
14	22	36
14	23	35
14	24	34
14	25	33
14	26	32
14	27	31
14	28	30
14	29	29
15	21	36
15	22	35
15	23	34
15	24	33
15	25	32
15	26	31
15	27	30
15	28	29
16	20	36
16	21	35
16	22	34
16	23	33
16	24	32
16	25	31
16	26	30
16	27	29
16	28	28
17	19	36
17	20	35
17	21	34
17	22	33
17	23	32
17	24	31
17	25	30
17	26	29
17	27	28
18	18	36
18	19	35
18	20	34
18	21	33
18	22	32
18	23	31
18	24	30
18	25	29
18	26	28
18	27	27
19	19	34
19	20	33
19	21	32
19	22	31
19	23	30
19	24	29
19	25	28
19	26	27
20	20	32
20	21	31
20	22	30
20	23	29
20	24	28
20	25	27
20	26	26
21	21	30
21	22	29
21	23	28
21	24	27
21	25	26
22	22	28
22	23	27
22	24	26
22	25	25
23	23	26
23	24	25
24	24	24
1	36	36
2	35	36
3	34	36
3	35	35
4	33	36
4	34	35
5	32	36
5	33	35
5	34	34
6	31	36
6	32	35
6	33	34
7	30	36
7	31	35
7	32	34
7	33	33
8	29	36
8	30	35
8	31	34
8	32	33
9	28	36
9	29	35
9	30	34
9	31	33
9	32	32
10	27	36
10	28	35
10	29	34
10	30	33
10	31	32
11	26	36
11	27	35
11	28	34
11	29	33
11	30	32
11	31	31
12	25	36
12	26	35
12	27	34
12	28	33
12	29	32
12	30	31
13	24	36
13	25	35
13	26	34
13	27	33
13	28	32
13	29	31
13	30	30
14	23	36
14	24	35
14	25	34
14	26	33
14	27	32
14	28	31
14	29	30
15	22	36
15	23	35
15	24	34
15	25	33
15	26	32
15	27	31
15	28	30
15	29	29
16	21	36
16	22	35
16	23	34
16	24	33
16	25	32
16	26	31
16	27	30
16	28	29
17	20	36
17	21	35
17	22	34
17	23	33
17	24	32
17	25	31
17	26	30
17	27	29
17	28	28
18	19	36
18	20	35
18	21	34
18	22	33
18	23	32
18	24	31
18	25	30
18	26	29
18	27	28
19	19	35
19	20	34
19	21	33
19	22	32
19	23	31
19	24	30
19	25	29
19	26	28
19	27	27
20	20	33
20	21	32
20	22	31
20	23	30
20	24	29
20	25	28
20	26	27
21	21	31
21	22	30
21	23	29
21	24	28
21	25	27
21	26	26
22	22	29
22	23	28
22	24	27
22	25	26
23	23	27
23	24	26
23	25	25
24	24	25
1	36	37
2	35	37
2	36	36
3	34	37
3	35	36
4	33	37
4	34	36
4	35	35
5	32	37
5	33	36
5	34	35
6	31	37
6	32	36
6	33	35
6	34	34
7	30	37
7	31	36
7	32	35
7	33	34
8	29	37
8	30	36
8	31	35
8	32	34
8	33	33
9	28	37
9	29	36
9	30	35
9	31	34
9	32	33
10	27	37
10	28	36
10	29	35
10	30	34
10	31	33
10	32	32
11	26	37
11	27	36
11	28	35
11	29	34
11	30	33
11	31	32
12	25	37
12	26	36
12	27	35
12	28	34
12	29	33
12	30	32
12	31	31
13	24	37
13	25	36
13	26	35
13	27	34
13	28	33
13	29	32
13	30	31
14	23	37
14	24	36
14	25	35
14	26	34
14	27	33
14	28	32
14	29	31
14	30	30
15	22	37
15	23	36
15	24	35
15	25	34
15	26	33
15	27	32
15	28	31
15	29	30
16	21	37
16	22	36
16	23	35
16	24	34
16	25	33
16	26	32
16	27	31
16	28	30
16	29	29
17	20	37
17	21	36
17	22	35
17	23	34
17	24	33
17	25	32
17	26	31
17	27	30
17	28	29
18	19	37
18	20	36
18	21	35
18	22	34
18	23	33
18	24	32
18	25	31
18	26	30
18	27	29
18	28	28
19	19	36
19	20	35
19	21	34
19	22	33
19	23	32
19	24	31
19	25	30
19	26	29
19	27	28
20	20	34
20	21	33
20	22	32
20	23	31
20	24	30
20	25	29
20	26	28
20	27	27
21	21	32
21	22	31
21	23	30
21	24	29
21	25	28
21	26	27
22	22	30
22	23	29
22	24	28
22	25	27
22	26	26
23	23	28
23	24	27
23	25	26
24	24	26
24	25	25
1	37	37
2	36	37
3	35	37
3	36	36
4	34	37
4	35	36
5	33	37
5	34	36
5	35	35
6	32	37
6	33	36
6	34	35
7	31	37
7	32	36
7	33	35
7	34	34
8	30	37
8	31	36
8	32	35
8	33	34
9	29	37
9	30	36
9	31	35
9	32	34
9	33	33
10	28	37
10	29	36
10	30	35
10	31	34
10	32	33
11	27	37
11	28	36
11	29	35
11	30	34
11	31	33
11	32	32
12	26	37
12	27	36
12	28	35
12	29	34
12	30	33
12	31	32
13	25	37
13	26	36
13	27	35
13	28	34
13	29	33
13	30	32
13	31	31
14	24	37
14	25	36
14	26	35
14	27	34
14	28	33
14	29	32
14	30	31
15	23	37
15	24	36
15	25	35
15	26	34
15	27	33
15	28	32
15	29	31
15	30	30
16	22	37
16	23	36
16	24	35
16	25	34
16	26	33
16	27	32
16	28	31
16	29	30
17	21	37
17	22	36
17	23	35
17	24	34
17	25	33
17	26	32
17	27	31
17	28	30
17	29	29
18	20	37
18	21	36
18	22	35
18	23	34
18	24	33
18	25	32
18	26	31
18	27	30
18	28	29
19	19	37
19	20	36
19	21	35
19	22	34
19	23	33
19	24	32
19	25	31
19	26	30
19	27	29
19	28	28
20	20	35
20	21	34
20	22	33
20	23	32
20	24	31
20	25	30
20	26	29
20	27	28
21	21	33
21	22	32
21	23	31
21	24	30
21	25	29
21	26	28
21	27	27
22	22	31
22	23	30
22	24	29
22	25	28
22	26	27
23	23	29
23	24	28
23	25	27
23	26	26
24	24	27
24	25	26
25	25	25
1	37	38
2	36	38
2	37	37
3	35	38
3	36	37
4	34	38
4	35	37
4	36	36
5	33	38
5	34	37
5	35	36
6	32	38
6	33	37
6	34	36
6	35	35
7	31	38
7	32	37
7	33	36
7	34	35
8	30	38
8	31	37
8	32	36
8	33	35
8	34	34
9	29	38
9	30	37
9	31	36
9	32	35
9	33	34
10	28	38
10	29	37
10	30	36
10	31	35
10	32	34
10	33	33
11	27	38
11	28	37
11	29	36
11	30	35
11	31	34
11	32	33
12	26	38
12	27	37
12	28	36
12	29	35
12	30	34
12	31	33
12	32	32
13	25	38
13	26	37
13	27	36
13	28	35
13	29	34
13	30	33
13	31	32
14	24	38
14	25	37
14	26	36
14	27	35
14	28	34
14	29	33
14	30	32
14	31	31
15	23	38
15	24	37
15	25	36
15	26	35
15	27	34
15	28	33
15	29	32
15	30	31
16	22	38
16	23	37
16	24	36
16	25	35
16	26	34
16	27	33
16	28	32
16	29	31
16	30	30
17	21	38
17	22	37
17	23	36
17	24	35
17	25	34
17	26	33
17	27	32
17	28	31
17	29	30
18	20	38
18	21	37
18	22	36
18	23	35
18	24	34
18	25	33
18	26	32
18	27	31
18	28	30
18	29	29
19	19	38
19	20	37
19	21	36
19	22	35
19	23	34
19	24	33
19	25	32
19	26	31
19	27	30
19	28	29
20	20	36
20	21	35
20	22	34
20	23	33
20	24	32
20	25	31
20	26	30
20	27	29
20	28	28
21	21	34
21	22	33
21	23	32
21	24	31
21	25	30
21	26	29
21	27	28
22	22	32
22	23	31
22	24	30
22	25	29
22	26	28
22	27	27
23	23	30
23	24	29
23	25	28
23	26	27
24	24	28
24	25	27
24	26	26
25	25	26
1	38	38
2	37	38
3	36	38
3	37	37
4	35	38
4	36	37
5	34	38
5	35	37
5	36	36
6	33	38
6	34	37
6	35	36
7	32	38
7	33	37
7	34	36
7	35	35
8	31	38
8	32	37
8	33	36
8	34	35
9	30	38
9	31	37
9	32	36
9	33	35
9	34	34
10	29	38
10	30	37
10	31	36
10	32	35
10	33	34
11	28	38
11	29	37
11	30	36
11	31	35
11	32	34
11	33	33
12	27	38
12	28	37
12	29	36
12	30	35
12	31	34
12	32	33
13	26	38
13	27	37
13	28	36
13	29	35
13	30	34
13	31	33
13	32	32
14	25	38
14	26	37
14	27	36
14	28	35
14	29	34
14	30	33
14	31	32
15	24	38
15	25	37
15	26	36
15	27	35
15	28	34
15	29	33
15	30	32
15	31	31
16	23	38
16	24	37
16	25	36
16	26	35
16	27	34
16	28	33
16	29	32
16	30	31
17	22	38
17	23	37
17	24	36
17	25	35
17	26	34
17	27	33
17	28	32
17	29	31
17	30	30
18	21	38
18	22	37
18	23	36
18	24	35
18	25	34
18	26	33
18	27	32
18	28	31
18	29	30
19	20	38
19	21	37
19	22	36
19	23	35
19	24	34
19	25	33
19	26	32
19	27	31
19	28	30
19	29	29
20	20	37
20	21	36
20	22	35
20	23	34
20	24	33
20	25	32
20	26	31
20	27	30
20	28	29
21	21	35
21	22	34
21	23	33
21	24	32
21	25	31
21	26	30
21	27	29
21	28	28
22	22	33
22	23	32
22	24	31
22	25	30
22	26	29
22	27	28
23	23	31
23	24	30
23	25	29
23	26	28
23	27	27
24	24	29
24	25	28
24	26	27
25	25	27
25	26	26
1	38	39
2	37	39
2	38	38
3	36	39
3	37	38
4	35	39
4	36	38
4	37	37
5	34	39
5	35	38
5	36	37
6	33	39
6	34	38
6	35	37
6	36	36
7	32	39
7	33	38
7	34	37
7	35	36
8	31	39
8	32	38
8	33	37
8	34	36
8	35	35
9	30	39
9	31	38
9	32	37
9	33	36
9	34	35
10	29	39
10	30	38
10	31	37
10	32	36
10	33	35
10	34	34
11	28	39
11	29	38
11	30	37
11	31	36
11	32	35
11	33	34
12	27	39
12	28	38
12	29	37
12	30	36
12	31	35
12	32	34
12	33	33
13	26	39
13	27	38
13	28	37
13	29	36
13	30	35
13	31	34
13	32	33
14	25	39
14	26	38
14	27	37
14	28	36
14	29	35
14	30	34
14	31	33
14	32	32
15	24	39
15	25	38
15	26	37
15	27	36
15	28	35
15	29	34
15	30	33
15	31	32
16	23	39
16	24	38
16	25	37
16	26	36
16	27	35
16	28	34
16	29	33
16	30	32
16	31	31
17	22	39
17	23	38
17	24	37
17	25	36
17	26	35
17	27	34
17	28	33
17	29	32
17	30	31
18	21	39
18	22	38
18	23	37
18	24	36
18	25	35
18	26	34
18	27	33
18	28	32
18	29	31
18	30	30
19	20	39
19	21	38
19	22	37
19	23	36
19	24	35
19	25	34
19	26	33
19	27	32
19	28	31
19	29	30
20	20	38
20	21	37
20	22	36
20	23	35
20	24	34
20	25	33
20	26	32
20	27	31
20	28	30
20	29	29
21	21	36
21	22	35
21	23	34
21	24	33
21	25	32
21	26	31
21	27	30
21	28	29
22	22	34
22	23	33
22	24	32
22	25	31
22	26	30
22	27	29
22	28	28
23	23	32
23	24	31
23	25	30
23	26	29
23	27	28
24	24	30
24	25	29
24	26	28
24	27	27
25	25	28
25	26	27
26	26	26
1	39	39
2	38	39
3	37	39
3	38	38
4	36	39
4	37	38
5	35	39
5	36	38
5	37	37
6	34	39
6	35	38
6	36	37
7	33	39
7	34	38
7	35	37
7	36	36
8	32	39
8	33	38
8	34	37
8	35	36
9	31	39
9	32	38
9	33	37
9	34	36
9	35	35
10	30	39
10	31	38
10	32	37
10	33	36
10	34	35
11	29	39
11	30	38
11	31	37
11	32	36
11	33	35
11	34	34
12	28	39
12	29	38
12	30	37
12	31	36
12	32	35
12	33	34
13	27	39
13	28	38
13	29	37
13	30	36
13	31	35
13	32	34
13	33	33
14	26	39
14	27	38
14	28	37
14	29	36
14	30	35
14	31	34
14	32	33
15	25	39
15	26	38
15	27	37
15	28	36
15	29	35
15	30	34
15	31	33
15	32	32
16	24	39
16	25	38
16	26	37
16	27	36
16	28	35
16	29	34
16	30	33
16	31	32
17	23	39
17	24	38
17	25	37
17	26	36
17	27	35
17	28	34
17	29	33
17	30	32
17	31	31
18	22	39
18	23	38
18	24	37
18	25	36
18	26	35
18	27	34
18	28	33
18	29	32
18	30	31
19	21	39
19	22	38
19	23	37
19	24	36
19	25	35
19	26	34
19	27	33
19	28	32
19	29	31
19	30	30
20	20	39
20	21	38
20	22	37
20	23	36
20	24	35
20	25	34
20	26	33
20	27	32
20	28	31
20	29	30
21	21	37
21	22	36
21	23	35
21	24	34
21	25	33
21	26	32
21	27	31
21	28	30
21	29	29
22	22	35
22	23	34
22	24	33
22	25	32
22	26	31
22	27	30
22	28	29
23	23	33
23	24	32
23	25	31
23	26	30
23	27	29
23	28	28
24	24	31
24	25	30
24	26	29
24	27	28
25	25	29
25	26	28
25	27	27
26	26	27
1	39	40
2	38	40
2	39	39
3	37	40
3	38	39
4	36	40
4	37	39
4	38	38
5	35	40
5	36	39
5	37	38
6	34	40
6	35	39
6	36	38
6	37	37
7	33	40
7	34	39
7	35	38
7	36	37
8	32	40
8	33	39
8	34	38
8	35	37
8	36	36
9	31	40
9	32	39
9	33	38
9	34	37
9	35	36
10	30	40
10	31	39
10	32	38
10	33	37
10	34	36
10	35	35
11	29	40
11	30	39
11	31	38
11	32	37
11	33	36
11	34	35
12	28	40
12	29	39
12	30	38
12	31	37
12	32	36
12	33	35
12	34	34
13	27	40
13	28	39
13	29	38
13	30	37
13	31	36
13	32	35
13	33	34
14	26	40
14	27	39
14	28	38
14	29	37
14	30	36
14	31	35
14	32	34
14	33	33
15	25	40
15	26	39
15	27	38
15	28	37
15	29	36
15	30	35
15	31	34
15	32	33
16	24	40
16	25	39
16	26	38
16	27	37
16	28	36
16	29	35
16	30	34
16	31	33
16	32	32
17	23	40
17	24	39
17	25	38
17	26	37
17	27	36
17	28	35
17	29	34
17	30	33
17	31	32
18	22	40
18	23	39
18	24	38
18	25	37
18	26	36
18	27	35
18	28	34
18	29	33
18	30	32
18	31	31
19	21	40
19	22	39
19	23	38
19	24	37
19	25	36
19	26	35
19	27	34
19	28	33
19	29	32
19	30	31
20	20	40
20	21	39
20	22	38
20	23	37
20	24	36
20	25	35
20	26	34
20	27	33
20	28	32
20	29	31
20	30	30
21	21	38
21	22	37
21	23	36
21	24	35
21	25	34
21	26	33
21	27	32
21	28	31
21	29	30
22	22	36
22	23	35
22	24	34
22	25	33
22	26	32
22	27	31
22	28	30
22	29	29
23	23	34
23	24	33
23	25	32
23	26	31
23	27	30
23	28	29
24	24	32
24	25	31
24	26	30
24	27	29
24	28	28
25	25	30
25	26	29
25	27	28
26	26	28
26	27	27
1	40	40
2	39	40
3	38	40
3	39	39
4	37	40
4	38	39
5	36	40
5	37	39
5	38	38
6	35	40
6	36	39
6	37	38
7	34	40
7	35	39
7	36	38
7	37	37
8	33	40
8	34	39
8	35	38
8	36	37
9	32	40
9	33	39
9	34	38
9	35	37
9	36	36
10	31	40
10	32	39
10	33	38
10	34	37
10	35	36
11	30	40
11	31	39
11	32	38
11	33	37
11	34	36
11	35	35
12	29	40
12	30	39
12	31	38
12	32	37
12	33	36
12	34	35
13	28	40
13	29	39
13	30	38
13	31	37
13	32	36
13	33	35
13	34	34
14	27	40
14	28	39
14	29	38
14	30	37
14	31	36
14	32	35
14	33	34
15	26	40
15	27	39
15	28	38
15	29	37
15	30	36
15	31	35
15	32	34
15	33	33
16	25	40
16	26	39
16	27	38
16	28	37
16	29	36
16	30	35
16	31	34
16	32	33
17	24	40
17	25	39
17	26	38
17	27	37
17	28	36
17	29	35
17	30	34
17	31	33
17	32	32
18	23	40
18	24	39
18	25	38
18	26	37
18	27	36
18	28	35
18	29	34
18	30	33
18	31	32
19	22	40
19	23	39
19	24	38
19	25	37
19	26	36
19	27	35
19	28	34
19	29	33
19	30	32
19	31	31
20	21	40
20	22	39
20	23	38
20	24	37
20	25	36
20	26	35
20	27	34
20	28	33
20	29	32
20	30	31
21	21	39
21	22	38
21	23	37
21	24	36
21	25	35
21	26	34
21	27	33
21	28	32
21	29	31
21	30	30
22	22	37
22	23	36
22	24	35
22	25	34
22	26	33
22	27	32
22	28	31
22	29	30
23	23	35
23	24	34
23	25	33
23	26	32
23	27	31
23	28	30
23	29	29
24	24	33
24	25	32
24	26	31
24	27	30
24	28	29
25	25	31
25	26	30
25	27	29
25	28	28
26	26	29
26	27	28
27	27	27
1	40	41
2	39	41
2	40	40
3	38	41
3	39	40
4	37	41
4	38	40
4	39	39
5	36	41
5	37	40
5	38	39
6	35	41
6	36	40
6	37	39
6	38	38
7	34	41
7	35	40
7	36	39
7	37	38
8	33	41
8	34	40
8	35	39
8	36	38
8	37	37
9	32	41
9	33	40
9	34	39
9	35	38
9	36	37
10	31	41
10	32	40
10	33	39
10	34	38
10	35	37
10	36	36
11	30	41
11	31	40
11	32	39
11	33	38
11	34	37
11	35	36
12	29	41
12	30	40
12	31	39
12	32	38
12	33	37
12	34	36
12	35	35
13	28	41
13	29	40
13	30	39
13	31	38
13	32	37
13	33	36
13	34	35
14	27	41
14	28	40
14	29	39
14	30	38
14	31	37
14	32	36
14	33	35
14	34	34
15	26	41
15	27	40
15	28	39
15	29	38
15	30	37
15	31	36
15	32	35
15	33	34
16	25	41
16	26	40
16	27	39
16	28	38
16	29	37
16	30	36
16	31	35
16	32	34
16	33	33
17	24	41
17	25	40
17	26	39
17	27	38
17	28	37
17	29	36
17	30	35
17	31	34
17	32	33
18	23	41
18	24	40
18	25	39
18	26	38
18	27	37
18	28	36
18	29	35
18	30	34
18	31	33
18	32	32
19	22	41
19	23	40
19	24	39
19	25	38
19	26	37
19	27	36
19	28	35
19	29	34
19	30	33
19	31	32
20	21	41
20	22	40
20	23	39
20	24	38
20	25	37
20	26	36
20	27	35
20	28	34
20	29	33
20	30	32
20	31	31
21	21	40
21	22	39
21	23	38
21	24	37
21	25	36
21	26	35
21	27	34
21	28	33
21	29	32
21	30	31
22	22	38
22	23	37
22	24	36
22	25	35
22	26	34
22	27	33
22	28	32
22	29	31
22	30	30
23	23	36
23	24	35
23	25	34
23	26	33
23	27	32
23	28	31
23	29	30
24	24	34
24	25	33
24	26	32
24	27	31
24	28	30
24	29	29
25	25	32
25	26	31
25	27	30
25	28	29
26	26	30
26	27	29
26	28	28
27	27	28
1	41	41
2	40	41
3	39	41
3	40	40
4	38	41
4	39	40
5	37	41
5	38	40
5	39	39
6	36	41
6	37	40
6	38	39
7	35	41
7	36	40
7	37	39
7	38	38
8	34	41
8	35	40
8	36	39
8	37	38
9	33	41
9	34	40
9	35	39
9	36	38
9	37	37
10	32	41
10	33	40
10	34	39
10	35	38
10	36	37
11	31	41
11	32	40
11	33	39
11	34	38
11	35	37
11	36	36
12	30	41
12	31	40
12	32	39
12	33	38
12	34	37
12	35	36
13	29	41
13	30	40
13	31	39
13	32	38
13	33	37
13	34	36
13	35	35
14	28	41
14	29	40
14	30	39
14	31	38
14	32	37
14	33	36
14	34	35
15	27	41
15	28	40
15	29	39
15	30	38
15	31	37
15	32	36
15	33	35
15	34	34
16	26	41
16	27	40
16	28	39
16	29	38
16	30	37
16	31	36
16	32	35
16	33	34
17	25	41
17	26	40
17	27	39
17	28	38
17	29	37
17	30	36
17	31	35
17	32	34
17	33	33
18	24	41
18	25	40
18	26	39
18	27	38
18	28	37
18	29	36
18	30	35
18	31	34
18	32	33
19	23	41
19	24	40
19	25	39
19	26	38
19	27	37
19	28	36
19	29	35
19	30	34
19	31	33
19	32	32
20	22	41
20	23	40
20	24	39
20	25	38
20	26	37
20	27	36
20	28	35
20	29	34
20	30	33
20	31	32
21	21	41
21	22	40
21	23	39
21	24	38
21	25	37
21	26	36
21	27	35
21	28	34
21	29	33
21	30	32
21	31	31
22	22	39
22	23	38
22	24	37
22	25	36
22	26	35
22	27	34
22	28	33
22	29	32
22	30	31
23	23	37
23	24	36
23	25	35
23	26	34
23	27	33
23	28	32
23	29	31
23	30	30
24	24	35
24	25	34
24	26	33
24	27	32
24	28	31
24	29	30
25	25	33
25	26	32
25	27	31
25	28	30
25	29	29
26	26	31
26	27	30
26	28	29
27	27	29
27	28	28
1	41	42
2	40	42
2	41	41
3	39	42
3	40	41
4	38	42
4	39	41
4	40	40
5	37	42
5	38	41
5	39	40
6	36	42
6	37	41
6	38	40
6	39	39
7	35	42
7	36	41
7	37	40
7	38	39
8	34	42
8	35	41
8	36	40
8	37	39
8	38	38
9	33	42
9	34	41
9	35	40
9	36	39
9	37	38
10	32	42
10	33	41
10	34	40
10	35	39
10	36	38
10	37	37
11	31	42
11	32	41
11	33	40
11	34	39
11	35	38
11	36	37
12	30	42
12	31	41
12	32	40
12	33	39
12	34	38
12	35	37
12	36	36
13	29	42
13	30	41
13	31	40
13	32	39
13	33	38
13	34	37
13	35	36
14	28	42
14	29	41
14	30	40
14	31	39
14	32	38
14	33	37
14	34	36
14	35	35
15	27	42
15	28	41
15	29	40
15	30	39
15	31	38
15	32	37
15	33	36
15	34	35
16	26	42
16	27	41
16	28	40
16	29	39
16	30	38
16	31	37
16	32	36
16	33	35
16	34	34
17	25	42
17	26	41
17	27	40
17	28	39
17	29	38
17	30	37
17	31	36
17	32	35
17	33	34
18	24	42
18	25	41
18	26	40
18	27	39
18	28	38
18	29	37
18	30	36
18	31	35
18	32	34
18	33	33
19	23	42
19	24	41
19	25	40
19	26	39
19	27	38
19	28	37
19	29	36
19	30	35
19	31	34
19	32	33
20	22	42
20	23	41
20	24	40
20	25	39
20	26	38
20	27	37
20	28	36
20	29	35
20	30	34
20	31	33
20	32	32
21	21	42
21	22	41
21	23	40
21	24	39
21	25	38
21	26	37
21	27	36
21	28	35
21	29	34
21	30	33
21	31	32
22	22	40
22	23	39
22	24	38
22	25	37
22	26	36
22	27	35
22	28	34
22	29	33
22	30	32
22	31	31
23	23	38
23	24	37
23	25	36
23	26	35
23	27	34
23	28	33
23	29	32
23	30	31
24	24	36
24	25	35
24	26	34
24	27	33
24	28	32
24	29	31
24	30	30
25	25	34
25	26	33
25	27	32
25	28	31
25	29	30
26	26	32
26	27	31
26	28	30
26	29	29
27	27	30
27	28	29
28	28	28
1	42	42
2	41	42
3	40	42
3	41	41
4	39	42
4	40	41
5	38	42
5	39	41
5	40	40
6	37	42
6	38	41
6	39	40
7	36	42
7	37	41
7	38	40
7	39	39
8	35	42
8	36	41
8	37	40
8	38	39
9	34	42
9	35	41
9	36	40
9	37	39
9	38	38
10	33	42
10	34	41
10	35	40
10	36	39
10	37	38
11	32	42
11	33	41
11	34	40
11	35	39
11	36	38
11	37	37
12	31	42
12	32	41
12	33	40
12	34	39
12	35	38
12	36	37
13	30	42
13	31	41
13	32	40
13	33	39
13	34	38
13	35	37
13	36	36
14	29	42
14	30	41
14	31	40
14	32	39
14	33	38
14	34	37
14	35	36
15	28	42
15	29	41
15	30	40
15	31	39
15	32	38
15	33	37
15	34	36
15	35	35
16	27	42
16	28	41
16	29	40
16	30	39
16	31	38
16	32	37
16	33	36
16	34	35
17	26	42
17	27	41
17	28	40
17	29	39
17	30	38
17	31	37
17	32	36
17	33	35
17	34	34
18	25	42
18	26	41
18	27	40
18	28	39
18	29	38
18	30	37
18	31	36
18	32	35
18	33	34
19	24	42
19	25	41
19	26	40
19	27	39
19	28	38
19	29	37
19	30	36
19	31	35
19	32	34
19	33	33
20	23	42
20	24	41
20	25	40
20	26	39
20	27	38
20	28	37
20	29	36
20	30	35
20	31	34
20	32	33
21	22	42
21	23	41
21	24	40
21	25	39
21	26	38
21	27	37
21	28	36
21	29	35
21	30	34
21	31	33
21	32	32
22	22	41
22	23	40
22	24	39
22	25	38
22	26	37
22	27	36
22	28	35
22	29	34
22	30	33
22	31	32
23	23	39
23	24	38
23	25	37
23	26	36
23	27	35
23	28	34
23	29	33
23	30	32
23	31	31
24	24	37
24	25	36
24	26	35
24	27	34
24	28	33
24	29	32
24	30	31
25	25	35
25	26	34
25	27	33
25	28	32
25	29	31
25	30	30
26	26	33
26	27	32
26	28	31
26	29	30
27	27	31
27	28	30
27	29	29
28	28	29
1	42	43
2	41	43
2	42	42
3	40	43
3	41	42
4	39	43
4	40	42
4	41	41
5	38	43
5	39	42
5	40	41
6	37	43
6	38	42
6	39	41
6	40	40
7	36	43
7	37	42
7	38	41
7	39	40
8	35	43
8	36	42
8	37	41
8	38	40
8	39	39
9	34	43
9	35	42
9	36	41
9	37	40
9	38	39
10	33	43
10	34	42
10	35	41
10	36	40
10	37	39
10	38	38
11	32	43
11	33	42
11	34	41
11	35	40
11	36	39
11	37	38
12	31	43
12	32	42
12	33	41
12	34	40
12	35	39
12	36	38
12	37	37
13	30	43
13	31	42
13	32	41
13	33	40
13	34	39
13	35	38
13	36	37
14	29	43
14	30	42
14	31	41
14	32	40
14	33	39
14	34	38
14	35	37
14	36	36
15	28	43
15	29	42
15	30	41
15	31	40
15	32	39
15	33	38
15	34	37
15	35	36
16	27	43
16	28	42
16	29	41
16	30	40
16	31	39
16	32	38
16	33	37
16	34	36
16	35	35
17	26	43
17	27	42
17	28	41
17	29	40
17	30	39
17	31	38
17	32	37
17	33	36
17	34	35
18	25	43
18	26	42
18	27	41
18	28	40
18	29	39
18	30	38
18	31	37
18	32	36
18	33	35
18	34	34
19	24	43
19	25	42
19	26	41
19	27	40
19	28	39
19	29	38
19	30	37
19	31	36
19	32	35
19	33	34
20	23	43
20	24	42
20	25	41
20	26	40
20	27	39
20	28	38
20	29	37
20	30	36
20	31	35
20	32	34
20	33	33
21	22	43
21	23	42
21	24	41
21	25	40
21	26	39
21	27	38
21	28	37
21	29	36
21	30	35
21	31	34
21	32	33
22	22	42
22	23	41
22	24	40
22	25	39
22	26	38
22	27	37
22	28	36
22	29	35
22	30	34
22	31	33
22	32	32
23	23	40
23	24	39
23	25	38
23	26	37
23	27	36
23	28	35
23	29	34
23	30	33
23	31	32
24	24	38
24	25	37
24	26	36
24	27	35
24	28	34
24	29	33
24	30	32
24	31	31
25	25	36
25	26	35
25	27	34
25	28	33
25	29	32
25	30	31
26	26	34
26	27	33
26	28	32
26	29	31
26	30	30
27	27	32
27	28	31
27	29	30
28	28	30
28	29	29
1	43	43
2	42	43
3	41	43
3	42	42
4	40	43
4	41	42
5	39	43
5	40	42
5	41	41
6	38	43
6	39	42
6	40	41
7	37	43
7	38	42
7	39	41
7	40	40
8	36	43
8	37	42
8	38	41
8	39	40
9	35	43
9	36	42
9	37	41
9	38	40
9	39	39
10	34	43
10	35	42
10	36	41
10	37	40
10	38	39
11	33	43
11	34	42
11	35	41
11	36	40
11	37	39
11	38	38
12	32	43
12	33	42
12	34	41
12	35	40
12	36	39
12	37	38
13	31	43
13	32	42
13	33	41
13	34	40
13	35	39
13	36	38
13	37	37
14	30	43
14	31	42
14	32	41
14	33	40
14	34	39
14	35	38
14	36	37
15	29	43
15	30	42
15	31	41
15	32	40
15	33	39
15	34	38
15	35	37
15	36	36
16	28	43
16	29	42
16	30	41
16	31	40
16	32	39
16	33	38
16	34	37
16	35	36
17	27	43
17	28	42
17	29	41
17	30	40
17	31	39
17	32	38
17	33	37
17	34	36
17	35	35
18	26	43
18	27	42
18	28	41
18	29	40
18	30	39
18	31	38
18	32	37
18	33	36
18	34	35
19	25	43
19	26	42
19	27	41
19	28	40
19	29	39
19	30	38
19	31	37
19	32	36
19	33	35
19	34	34
20	24	43
20	25	42
20	26	41
20	27	40
20	28	39
20	29	38
20	30	37
20	31	36
20	32	35
20	33	34
21	23	43
21	24	42
21	25	41
21	26	40
21	27	39
21	28	38
21	29	37
21	30	36
21	31	35
21	32	34
21	33	33
22	22	43
22	23	42
22	24	41
22	25	40
22	26	39
22	27	38
22	28	37
22	29	36
22	30	35
22	31	34
22	32	33
23	23	41
23	24	40
23	25	39
23	26	38
23	27	37
23	28	36
23	29	35
23	30	34
23	31	33
23	32	32
24	24	39
24	25	38
24	26	37
24	27	36
24	28	35
24	29	34
24	30	33
24	31	32
25	25	37
25	26	36
25	27	35
25	28	34
25	29	33
25	30	32
25	31	31
26	26	35
26	27	34
26	28	33
26	29	32
26	30	31
27	27	33
27	28	32
27	29	31
27	30	30
28	28	31
28	29	30
29	29	29
1	43	44
2	42	44
2	43	43
3	41	44
3	42	43
4	40	44
4	41	43
4	42	42
5	39	44
5	40	43
5	41	42
6	38	44
6	39	43
6	40	42
6	41	41
7	37	44
7	38	43
7	39	42
7	40	41
8	36	44
8	37	43
8	38	42
8	39	41
8	40	40
9	35	44
9	36	43
9	37	42
9	38	41
9	39	40
10	34	44
10	35	43
10	36	42
10	37	41
10	38	40
10	39	39
11	33	44
11	34	43
11	35	42
11	36	41
11	37	40
11	38	39
12	32	44
12	33	43
12	34	42
12	35	41
12	36	40
12	37	39
12	38	38
13	31	44
13	32	43
13	33	42
13	34	41
13	35	40
13	36	39
13	37	38
14	30	44
14	31	43
14	32	42
14	33	41
14	34	40
14	35	39
14	36	38
14	37	37
15	29	44
15	30	43
15	31	42
15	32	41
15	33	40
15	34	39
15	35	38
15	36	37
16	28	44
16	29	43
16	30	42
16	31	41
16	32	40
16	33	39
16	34	38
16	35	37
16	36	36
17	27	44
17	28	43
17	29	42
17	30	41
17	31	40
17	32	39
17	33	38
17	34	37
17	35	36
18	26	44
18	27	43
18	28	42
18	29	41
18	30	40
18	31	39
18	32	38
18	33	37
18	34	36
18	35	35
19	25	44
19	26	43
19	27	42
19	28	41
19	29	40
19	30	39
19	31	38
19	32	37
19	33	36
19	34	35
20	24	44
20	25	43
20	26	42
20	27	41
20	28	40
20	29	39
20	30	38
20	31	37
20	32	36
20	33	35
20	34	34
21	23	44
21	24	43
21	25	42
21	26	41
21	27	40
21	28	39
21	29	38
21	30	37
21	31	36
21	32	35
21	33	34
22	22	44
22	23	43
22	24	42
22	25	41
22	26	40
22	27	39
22	28	38
22	29	37
22	30	36
22	31	35
22	32	34
22	33	33
23	23	42
23	24	41
23	25	40
23	26	39
23	27	38
23	28	37
23	29	36
23	30	35
23	31	34
23	32	33
24	24	40
24	25	39
24	26	38
24	27	37
24	28	36
24	29	35
24	30	34
24	31	33
24	32	32
25	25	38
25	26	37
25	27	36
25	28	35
25	29	34
25	30	33
25	31	32
26	26	36
26	27	35
26	28	34
26	29	33
26	30	32
26	31	31
27	27	34
27	28	33
27	29	32
27	30	31
28	28	32
28	29	31
28	30	30
29	29	30
1	44	44
2	43	44
3	42	44
3	43	43
4	41	44
4	42	43
5	40	44
5	41	43
5	42	42
6	39	44
6	40	43
6	41	42
7	38	44
7	39	43
7	40	42
7	41	41
8	37	44
8	38	43
8	39	42
8	40	41
9	36	44
9	37	43
9	38	42
9	39	41
9	40	40
10	35	44
10	36	43
10	37	42
10	38	41
10	39	40
11	34	44
11	35	43
11	36	42
11	37	41
11	38	40
11	39	39
12	33	44
12	34	43
12	35	42
12	36	41
12	37	40
12	38	39
13	32	44
13	33	43
13	34	42
13	35	41
13	36	40
13	37	39
13	38	38
14	31	44
14	32	43
14	33	42
14	34	41
14	35	40
14	36	39
14	37	38
15	30	44
15	31	43
15	32	42
15	33	41
15	34	40
15	35	39
15	36	38
15	37	37
16	29	44
16	30	43
16	31	42
16	32	41
16	33	40
16	34	39
16	35	38
16	36	37
17	28	44
17	29	43
17	30	42
17	31	41
17	32	40
17	33	39
17	34	38
17	35	37
17	36	36
18	27	44
18	28	43
18	29	42
18	30	41
18	31	40
18	32	39
18	33	38
18	34	37
18	35	36
19	26	44
19	27	43
19	28	42
19	29	41
19	30	40
19	31	39
19	32	38
19	33	37
19	34	36
19	35	35
20	25	44
20	26	43
20	27	42
20	28	41
20	29	40
20	30	39
20	31	38
20	32	37
20	33	36
20	34	35
21	24	44
21	25	43
21	26	42
21	27	41
21	28	40
21	29	39
21	30	38
21	31	37
21	32	36
21	33	35
21	34	34
22	23	44
22	24	43
22	25	42
22	26	41
22	27	40
22	28	39
22	29	38
22	30	37
22	31	36
22	32	35
22	33	34
23	23	43
23	24	42
23	25	41
23	26	40
23	27	39
23	28	38
23	29	37
23	30	36
23	31	35
23	32	34
23	33	33
24	24	41
24	25	40
24	26	39
24	27	38
24	28	37
24	29	36
24	30	35
24	31	34
24	32	33
25	25	39
25	26	38
25	27	37
25	28	36
25	29	35
25	30	34
25	31	33
25	32	32
26	26	37
26	27	36
26	28	35
26	29	34
26	30	33
26	31	32
27	27	35
27	28	34
27	29	33
27	30	32
27	31	31
28	28	33
28	29	32
28	30	31
29	29	31
29	30	30
1	44	45
2	43	45
2	44	44
3	42	45
3	43	44
4	41	45
4	42	44
4	43	43
5	40	45
5	41	44
5	42	43
6	39	45
6	40	44
6	41	43
6	42	42
7	38	45
7	39	44
7	40	43
7	41	42
8	37	45
8	38	44
8	39	43
8	40	42
8	41	41
9	36	45
9	37	44
9	38	43
9	39	42
9	40	41
10	35	45
10	36	44
10	37	43
10	38	42
10	39	41
10	40	40
11	34	45
11	35	44
11	36	43
11	37	42
11	38	41
11	39	40
12	33	45
12	34	44
12	35	43
12	36	42
12	37	41
12	38	40
12	39	39
13	32	45
13	33	44
13	34	43
13	35	42
13	36	41
13	37	40
13	38	39
14	31	45
14	32	44
14	33	43
14	34	42
14	35	41
14	36	40
14	37	39
14	38	38
15	30	45
15	31	44
15	32	43
15	33	42
15	34	41
15	35	40
15	36	39
15	37	38
16	29	45
16	30	44
16	31	43
16	32	42
16	33	41
16	34	40
16	35	39
16	36	38
16	37	37
17	28	45
17	29	44
17	30	43
17	31	42
17	32	41
17	33	40
17	34	39
17	35	38
17	36	37
18	27	45
18	28	44
18	29	43
18	30	42
18	31	41
18	32	40
18	33	39
18	34	38
18	35	37
18	36	36
19	26	45
19	27	44
19	28	43
19	29	42
19	30	41
19	31	40
19	32	39
19	33	38
19	34	37
19	35	36
20	25	45
20	26	44
20	27	43
20	28	42
20	29	41
20	30	40
20	31	39
20	32	38
20	33	37
20	34	36
20	35	35
21	24	45
21	25	44
21	26	43
21	27	42
21	28	41
21	29	40
21	30	39
21	31	38
21	32	37
21	33	36
21	34	35
22	23	45
22	24	44
22	25	43
22	26	42
22	27	41
22	28	40
22	29	39
22	30	38
22	31	37
22	32	36
22	33	35
22	34	34
23	23	44
23	24	43
23	25	42
23	26	41
23	27	40
23	28	39
23	29	38
23	30	37
23	31	36
23	32	35
23	33	34
24	24	42
24	25	41
24	26	40
24	27	39
24	28	38
24	29	37
24	30	36
24	31	35
24	32	34
24	33	33
25	25	40
25	26	39
25	27	38
25	28	37
25	29	36
25	30	35
25	31	34
25	32	33
26	26	38
26	27	37
26	28	36
26	29	35
26	30	34
26	31	33
26	32	32
27	27	36
27	28	35
27	29	34
27	30	33
27	31	32
28	28	34
28	29	33
28	30	32
28	31	31
29	29	32
29	30	31
30	30	30
1	45	45
2	44	45
3	43	45
3	44	44
4	42	45
4	43	44
5	41	45
5	42	44
5	43	43
6	40	45
6	41	44
6	42	43
7	39	45
7	40	44
7	41	43
7	42	42
8	38	45
8	39	44
8	40	43
8	41	42
9	37	45
9	38	44
9	39	43
9	40	42
9	41	41
10	36	45
10	37	44
10	38	43
10	39	42
10	40	41
11	35	45
11	36	44
11	37	43
11	38	42
11	39	41
11	40	40
12	34	45
12	35	44
12	36	43
12	37	42
12	38	41
12	39	40
13	33	45
13	34	44
13	35	43
13	36	42
13	37	41
13	38	40
13	39	39
14	32	45
14	33	44
14	34	43
14	35	42
14	36	41
14	37	40
14	38	39
15	31	45
15	32	44
15	33	43
15	34	42
15	35	41
15	36	40
15	37	39
15	38	38
16	30	45
16	31	44
16	32	43
16	33	42
16	34	41
16	35	40
16	36	39
16	37	38
17	29	45
17	30	44
17	31	43
17	32	42
17	33	41
17	34	40
17	35	39
17	36	38
17	37	37
18	28	45
18	29	44
18	30	43
18	31	42
18	32	41
18	33	40
18	34	39
18	35	38
18	36	37
19	27	45
19	28	44
19	29	43
19	30	42
19	31	41
19	32	40
19	33	39
19	34	38
19	35	37
19	36	36
20	26	45
20	27	44
20	28	43
20	29	42
20	30	41
20	31	40
20	32	39
20	33	38
20	34	37
20	35	36
21	25	45
21	26	44
21	27	43
21	28	42
21	29	41
21	30	40
21	31	39
21	32	38
21	33	37
21	34	36
21	35	35
22	24	45
22	25	44
22	26	43
22	27	42
22	28	41
22	29	40
22	30	39
22	31	38
22	32	37
22	33	36
22	34	35
23	23	45
23	24	44
23	25	43
23	26	42
23	27	41
23	28	40
23	29	39
23	30	38
23	31	37
23	32	36
23	33	35
23	34	34
24	24	43
24	25	42
24	26	41
24	27	40
24	28	39
24	29	38
24	30	37
24	31	36
24	32	35
24	33	34
25	25	41
25	26	40
25	27	39
25	28	38
25	29	37
25	30	36
25	31	35
25	32	34
25	33	33
26	26	39
26	27	38
26	28	37
26	29	36
26	30	35
26	31	34
26	32	33
27	27	37
27	28	36
27	29	35
27	30	34
27	31	33
27	32	32
28	28	35
28	29	34
28	30	33
28	31	32
29	29	33
29	30	32
29	31	31
30	30	31
1	45	46
2	44	46
2	45	45
3	43	46
3	44	45
4	42	46
4	43	45
4	44	44
5	41	46
5	42	45
5	43	44
6	40	46
6	41	45
6	42	44
6	43	43
7	39	46
7	40	45
7	41	44
7	42	43
8	38	46
8	39	45
8	40	44
8	41	43
8	42	42
9	37	46
9	38	45
9	39	44
9	40	43
9	41	42
10	36	46
10	37	45
10	38	44
10	39	43
10	40	42
10	41	41
11	35	46
11	36	45
11	37	44
11	38	43
11	39	42
11	40	41
12	34	46
12	35	45
12	36	44
12	37	43
12	38	42
12	39	41
12	40	40
13	33	46
13	34	45
13	35	44
13	36	43
13	37	42
13	38	41
13	39	40
14	32	46
14	33	45
14	34	44
14	35	43
14	36	42
14	37	41
14	38	40
14	39	39
15	31	46
15	32	45
15	33	44
15	34	43
15	35	42
15	36	41
15	37	40
15	38	39
16	30	46
16	31	45
16	32	44
16	33	43
16	34	42
16	35	41
16	36	40
16	37	39
16	38	38
17	29	46
17	30	45
17	31	44
17	32	43
17	33	42
17	34	41
17	35	40
17	36	39
17	37	38
18	28	46
18	29	45
18	30	44
18	31	43
18	32	42
18	33	41
18	34	40
18	35	39
18	36	38
18	37	37
19	27	46
19	28	45
19	29	44
19	30	43
19	31	42
19	32	41
19	33	40
19	34	39
19	35	38
19	36	37
20	26	46
20	27	45
20	28	44
20	29	43
20	30	42
20	31	41
20	32	40
20	33	39
20	34	38
20	35	37
20	36	36
21	25	46
21	26	45
21	27	44
21	28	43
21	29	42
21	30	41
21	31	40
21	32	39
21	33	38
21	34	37
21	35	36
22	24	46
22	25	45
22	26	44
22	27	43
22	28	42
22	29	41
22	30	40
22	31	39
22	32	38
22	33	37
22	34	36
22	35	35
23	23	46
23	24	45
23	25	44
23	26	43
23	27	42
23	28	41
23	29	40
23	30	39
23	31	38
23	32	37
23	33	36
23	34	35
24	24	44
24	25	43
24	26	42
24	27	41
24	28	40
24	29	39
24	30	38
24	31	37
24	32	36
24	33	35
24	34	34
25	25	42
25	26	41
25	27	40
25	28	39
25	29	38
25	30	37
25	31	36
25	32	35
25	33	34
26	26	40
26	27	39
26	28	38
26	29	37
26	30	36
26	31	35
26	32	34
26	33	33
27	27	38
27	28	37
27	29	36
27	30	35
27	31	34
27	32	33
28	28	36
28	29	35
28	30	34
28	31	33
28	32	32
29	29	34
29	30	33
29	31	32
30	30	32
30	31	31
1	46	46
2	45	46
3	44	46
3	45	45
4	43	46
4	44	45
5	42	46
5	43	45
5	44	44
6	41	46
6	42	45
6	43	44
7	40	46
7	41	45
7	42	44
7	43	43
8	39	46
8	40	45
8	41	44
8	42	43
9	38	46
9	39	45
9	40	44
9	41	43
9	42	42
10	37	46
10	38	45
10	39	44
10	40	43
10	41	42
11	36	46
11	37	45
11	38	44
11	39	43
11	40	42
11	41	41
12	35	46
12	36	45
12	37	44
12	38	43
12	39	42
12	40	41
13	34	46
13	35	45
13	36	44
13	37	43
13	38	42
13	39	41
13	40	40
14	33	46
14	34	45
14	35	44
14	36	43
14	37	42
14	38	41
14	39	40
15	32	46
15	33	45
15	34	44
15	35	43
15	36	42
15	37	41
15	38	40
15	39	39
16	31	46
16	32	45
16	33	44
16	34	43
16	35	42
16	36	41
16	37	40
16	38	39
17	30	46
17	31	45
17	32	44
17	33	43
17	34	42
17	35	41
17	36	40
17	37	39
17	38	38
18	29	46
18	30	45
18	31	44
18	32	43
18	33	42
18	34	41
18	35	40
18	36	39
18	37	38
19	28	46
19	29	45
19	30	44
19	31	43
19	32	42
19	33	41
19	34	40
19	35	39
19	36	38
19	37	37
20	27	46
20	28	45
20	29	44
20	30	43
20	31	42
20	32	41
20	33	40
20	34	39
20	35	38
20	36	37
21	26	46
21	27	45
21	28	44
21	29	43
21	30	42
21	31	41
21	32	40
21	33	39
21	34	38
21	35	37
21	36	36
22	25	46
22	26	45
22	27	44
22	28	43
22	29	42
22	30	41
22	31	40
22	32	39
22	33	38
22	34	37
22	35	36
23	24	46
23	25	45
23	26	44
23	27	43
23	28	42
23	29	41
23	30	40
23	31	39
23	32	38
23	33	37
23	34	36
23	35	35
24	24	45
24	25	44
24	26	43
24	27	42
24	28	41
24	29	40
24	30	39
24	31	38
24	32	37
24	33	36
24	34	35
25	25	43
25	26	42
25	27	41
25	28	40
25	29	39
25	30	38
25	31	37
25	32	36
25	33	35
25	34	34
26	26	41
26	27	40
26	28	39
26	29	38
26	30	37
26	31	36
26	32	35
26	33	34
27	27	39
27	28	38
27	29	37
27	30	36
27	31	35
27	32	34
27	33	33
28	28	37
28	29	36
28	30	35
28	31	34
28	32	33
29	29	35
29	30	34
29	31	33
29	32	32
30	30	33
30	31	32
31	31	31
1	46	47
2	45	47
2	46	46
3	44	47
3	45	46
4	43	47
4	44	46
4	45	45
5	42	47
5	43	46
5	44	45
6	41	47
6	42	46
6	43	45
6	44	44
7	40	47
7	41	46
7	42	45
7	43	44
8	39	47
8	40	46
8	41	45
8	42	44
8	43	43
9	38	47
9	39	46
9	40	45
9	41	44
9	42	43
10	37	47
10	38	46
10	39	45
10	40	44
10	41	43
10	42	42
11	36	47
11	37	46
11	38	45
11	39	44
11	40	43
11	41	42
12	35	47
12	36	46
12	37	45
12	38	44
12	39	43
12	40	42
12	41	41
13	34	47
13	35	46
13	36	45
13	37	44
13	38	43
13	39	42
13	40	41
14	33	47
14	34	46
14	35	45
14	36	44
14	37	43
14	38	42
14	39	41
14	40	40
15	32	47
15	33	46
15	34	45
15	35	44
15	36	43
15	37	42
15	38	41
15	39	40
16	31	47
16	32	46
16	33	45
16	34	44
16	35	43
16	36	42
16	37	41
16	38	40
16	39	39
17	30	47
17	31	46
17	32	45
17	33	44
17	34	43
17	35	42
17	36	41
17	37	40
17	38	39
18	29	47
18	30	46
18	31	45
18	32	44
18	33	43
18	34	42
18	35	41
18	36	40
18	37	39
18	38	38
19	28	47
19	29	46
19	30	45
19	31	44
19	32	43
19	33	42
19	34	41
19	35	40
19	36	39
19	37	38
20	27	47
20	28	46
20	29	45
20	30	44
20	31	43
20	32	42
20	33	41
20	34	40
20	35	39
20	36	38
20	37	37
21	26	47
21	27	46
21	28	45
21	29	44
21	30	43
21	31	42
21	32	41
21	33	40
21	34	39
21	35	38
21	36	37
22	25	47
22	26	46
22	27	45
22	28	44
22	29	43
22	30	42
22	31	41
22	32	40
22	33	39
22	34	38
22	35	37
22	36	36
23	24	47
23	25	46
23	26	45
23	27	44
23	28	43
23	29	42
23	30	41
23	31	40
23	32	39
23	33	38
23	34	37
23	35	36
24	24	46
24	25	45
24	26	44
24	27	43
24	28	42
24	29	41
24	30	40
24	31	39
24	32	38
24	33	37
24	34	36
24	35	35
25	25	44
25	26	43
25	27	42
25	28	41
25	29	40
25	30	39
25	31	38
25	32	37
25	33	36
25	34	35
26	26	42
26	27	41
26	28	40
26	29	39
26	30	38
26	31	37
26	32	36
26	33	35
26	34	34
27	27	40
27	28	39
27	29	38
27	30	37
27	31	36
27	32	35
27	33	34
28	28	38
28	29	37
28	30	36
28	31	35
28	32	34
28	33	33
29	29	36
29	30	35
29	31	34
29	32	33
30	30	34
30	31	33
30	32	32
31	31	32
1	47	47
2	46	47
3	45	47
3	46	46
4	44	47
4	45	46
5	43	47
5	44	46
5	45	45
6	42	47
6	43	46
6	44	45
7	41	47
7	42	46
7	43	45
7	44	44
8	40	47
8	41	46
8	42	45
8	43	44
9	39	47
9	40	46
9	41	45
9	42	44
9	43	43
10	38	47
10	39	46
10	40	45
10	41	44
10	42	43
11	37	47
11	38	46
11	39	45
11	40	44
11	41	43
11	42	42
12	36	47
12	37	46
12	38	45
12	39	44
12	40	43
12	41	42
13	35	47
13	36	46
13	37	45
13	38	44
13	39	43
13	40	42
13	41	41
14	34	47
14	35	46
14	36	45
14	37	44
14	38	43
14	39	42
14	40	41
15	33	47
15	34	46
15	35	45
15	36	44
15	37	43
15	38	42
15	39	41
15	40	40
16	32	47
16	33	46
16	34	45
16	35	44
16	36	43
16	37	42
16	38	41
16	39	40
17	31	47
17	32	46
17	33	45
17	34	44
17	35	43
17	36	42
17	37	41
17	38	40
17	39	39
18	30	47
18	31	46
18	32	45
18	33	44
18	34	43
18	35	42
18	36	41
18	37	40
18	38	39
19	29	47
19	30	46
19	31	45
19	32	44
19	33	43
19	34	42
19	35	41
19	36	40
19	37	39
19	38	38
20	28	47
20	29	46
20	30	45
20	31	44
20	32	43
20	33	42
20	34	41
20	35	40
20	36	39
20	37	38
21	27	47
21	28	46
21	29	45
21	30	44
21	31	43
21	32	42
21	33	41
21	34	40
21	35	39
21	36	38
21	37	37
22	26	47
22	27	46
22	28	45
22	29	44
22	30	43
22	31	42
22	32	41
22	33	40
22	34	39
22	35	38
22	36	37
23	25	47
23	26	46
23	27	45
23	28	44
23	29	43
23	30	42
23	31	41
23	32	40
23	33	39
23	34	38
23	35	37
23	36	36
24	24	47
24	25	46
24	26	45
24	27	44
24	28	43
24	29	42
24	30	41
24	31	40
24	32	39
24	33	38
24	34	37
24	35	36
25	25	45
25	26	44
25	27	43
25	28	42
25	29	41
25	30	40
25	31	39
25	32	38
25	33	37
25	34	36
25	35	35
26	26	43
26	27	42
26	28	41
26	29	40
26	30	39
26	31	38
26	32	37
26	33	36
26	34	35
27	27	41
27	28	40
27	29	39
27	30	38
27	31	37
27	32	36
27	33	35
27	34	34
28	28	39
28	29	38
28	30	37
28	31	36
28	32	35
28	33	34
29	29	37
29	30	36
29	31	35
29	32	34
29	33	33
30	30	35
30	31	34
30	32	33
31	31	33
31	32	32
1	47	48
2	46	48
2	47	47
3	45	48
3	46	47
4	44	48
4	45	47
4	46	46
5	43	48
5	44	47
5	45	46
6	42	48
6	43	47
6	44	46
6	45	45
7	41	48
7	42	47
7	43	46
7	44	45
8	40	48
8	41	47
8	42	46
8	43	45
8	44	44
9	39	48
9	40	47
9	41	46
9	42	45
9	43	44
10	38	48
10	39	47
10	40	46
10	41	45
10	42	44
10	43	43
11	37	48
11	38	47
11	39	46
11	40	45
11	41	44
11	42	43
12	36	48
12	37	47
12	38	46
12	39	45
12	40	44
12	41	43
12	42	42
13	35	48
13	36	47
13	37	46
13	38	45
13	39	44
13	40	43
13	41	42
14	34	48
14	35	47
14	36	46
14	37	45
14	38	44
14	39	43
14	40	42
14	41	41
15	33	48
15	34	47
15	35	46
15	36	45
15	37	44
15	38	43
15	39	42
15	40	41
16	32	48
16	33	47
16	34	46
16	35	45
16	36	44
16	37	43
16	38	42
16	39	41
16	40	40
17	31	48
17	32	47
17	33	46
17	34	45
17	35	44
17	36	43
17	37	42
17	38	41
17	39	40
18	30	48
18	31	47
18	32	46
18	33	45
18	34	44
18	35	43
18	36	42
18	37	41
18	38	40
18	39	39
19	29	48
19	30	47
19	31	46
19	32	45
19	33	44
19	34	43
19	35	42
19	36	41
19	37	40
19	38	39
20	28	48
20	29	47
20	30	46
20	31	45
20	32	44
20	33	43
20	34	42
20	35	41
20	36	40
20	37	39
20	38	38
21	27	48
21	28	47
21	29	46
21	30	45
21	31	44
21	32	43
21	33	42
21	34	41
21	35	40
21	36	39
21	37	38
22	26	48
22	27	47
22	28	46
22	29	45
22	30	44
22	31	43
22	32	42
22	33	41
22	34	40
22	35	39
22	36	38
22	37	37
23	25	48
23	26	47
23	27	46
23	28	45
23	29	44
23	30	43
23	31	42
23	32	41
23	33	40
23	34	39
23	35	38
23	36	37
24	24	48
24	25	47
24	26	46
24	27	45
24	28	44
24	29	43
24	30	42
24	31	41
24	32	40
24	33	39
24	34	38
24	35	37
24	36	36
25	25	46
25	26	45
25	27	44
25	28	43
25	29	42
25	30	41
25	31	40
25	32	39
25	33	38
25	34	37
25	35	36
26	26	44
26	27	43
26	28	42
26	29	41
26	30	40
26	31	39
26	32	38
26	33	37
26	34	36
26	35	35
27	27	42
27	28	41
27	29	40
27	30	39
27	31	38
27	32	37
27	33	36
27	34	35
28	28	40
28	29	39
28	30	38
28	31	37
28	32	36
28	33	35
28	34	34
29	29	38
29	30	37
29	31	36
29	32	35
29	33	34
30	30	36
30	31	35
30	32	34
30	33	33
31	31	34
31	32	33
32	32	32
1	48	48
2	47	48
3	46	48
3	47	47
4	45	48
4	46	47
5	44	48
5	45	47
5	46	46
6	43	48
6	44	47
6	45	46
7	42	48
7	43	47
7	44	46
7	45	45
8	41	48
8	42	47
8	43	46
8	44	45
9	40	48
9	41	47
9	42	46
9	43	45
9	44	44
10	39	48
10	40	47
10	41	46
10	42	45
10	43	44
11	38	48
11	39	47
11	40	46
11	41	45
11	42	44
11	43	43
12	37	48
12	38	47
12	39	46
12	40	45
12	41	44
12	42	43
13	36	48
13	37	47
13	38	46
13	39	45
13	40	44
13	41	43
13	42	42
14	35	48
14	36	47
14	37	46
14	38	45
14	39	44
14	40	43
14	41	42
15	34	48
15	35	47
15	36	46
15	37	45
15	38	44
15	39	43
15	40	42
15	41	41
16	33	48
16	34	47
16	35	46
16	36	45
16	37	44
16	38	43
16	39	42
16	40	41
17	32	48
17	33	47
17	34	46
17	35	45
17	36	44
17	37	43
17	38	42
17	39	41
17	40	40
18	31	48
18	32	47
18	33	46
18	34	45
18	35	44
18	36	43
18	37	42
18	38	41
18	39	40
19	30	48
19	31	47
19	32	46
19	33	45
19	34	44
19	35	43
19	36	42
19	37	41
19	38	40
19	39	39
20	29	48
20	30	47
20	31	46
20	32	45
20	33	44
20	34	43
20	35	42
20	36	41
20	37	40
20	38	39
21	28	48
21	29	47
21	30	46
21	31	45
21	32	44
21	33	43
21	34	42
21	35	41
21	36	40
21	37	39
21	38	38
22	27	48
22	28	47
22	29	46
22	30	45
22	31	44
22	32	43
22	33	42
22	34	41
22	35	40
22	36	39
22	37	38
23	26	48
23	27	47
23	28	46
23	29	45
23	30	44
23	31	43
23	32	42
23	33	41
23	34	40
23	35	39
23	36	38
23	37	37
24	25	48
24	26	47
24	27	46
24	28	45
24	29	44
24	30	43
24	31	42
24	32	41
24	33	40
24	34	39
24	35	38
24	36	37
25	25	47
25	26	46
25	27	45
25	28	44
25	29	43
25	30	42
25	31	41
25	32	40
25	33	39
25	34	38
25	35	37
25	36	36
26	26	45
26	27	44
26	28	43
26	29	42
26	30	41
26	31	40
26	32	39
26	33	38
26	34	37
26	35	36
27	27	43
27	28	42
27	29	41
27	30	40
27	31	39
27	32	38
27	33	37
27	34	36
27	35	35
28	28	41
28	29	40
28	30	39
28	31	38
28	32	37
28	33	36
28	34	35
29	29	39
29	30	38
29	31	37
29	32	36
29	33	35
29	34	34
30	30	37
30	31	36
30	32	35
30	33	34
31	31	35
31	32	34
31	33	33
32	32	33
1	48	49
2	47	49
2	48	48
3	46	49
3	47	48
4	45	49
4	46	48
4	47	47
5	44	49
5	45	48
5	46	47
6	43	49
6	44	48
6	45	47
6	46	46
7	42	49
7	43	48
7	44	47
7	45	46
8	41	49
8	42	48
8	43	47
8	44	46
8	45	45
9	40	49
9	41	48
9	42	47
9	43	46
9	44	45
10	39	49
10	40	48
10	41	47
10	42	46
10	43	45
10	44	44
11	38	49
11	39	48
11	40	47
11	41	46
11	42	45
11	43	44
12	37	49
12	38	48
12	39	47
12	40	46
12	41	45
12	42	44
12	43	43
13	36	49
13	37	48
13	38	47
13	39	46
13	40	45
13	41	44
13	42	43
14	35	49
14	36	48
14	37	47
14	38	46
14	39	45
14	40	44
14	41	43
14	42	42
15	34	49
15	35	48
15	36	47
15	37	46
15	38	45
15	39	44
15	40	43
15	41	42
16	33	49
16	34	48
16	35	47
16	36	46
16	37	45
16	38	44
16	39	43
16	40	42
16	41	41
17	32	49
17	33	48
17	34	47
17	35	46
17	36	45
17	37	44
17	38	43
17	39	42
17	40	41
18	31	49
18	32	48
18	33	47
18	34	46
18	35	45
18	36	44
18	37	43
18	38	42
18	39	41
18	40	40
19	30	49
19	31	48
19	32	47
19	33	46
19	34	45
19	35	44
19	36	43
19	37	42
19	38	41
19	39	40
20	29	49
20	30	48
20	31	47
20	32	46
20	33	45
20	34	44
20	35	43
20	36	42
20	37	41
20	38	40
20	39	39
21	28	49
21	29	48
21	30	47
21	31	46
21	32	45
21	33	44
21	34	43
21	35	42
21	36	41
21	37	40
21	38	39
22	27	49
22	28	48
22	29	47
22	30	46
22	31	45
22	32	44
22	33	43
22	34	42
22	35	41
22	36	40
22	37	39
22	38	38
23	26	49
23	27	48
23	28	47
23	29	46
23	30	45
23	31	44
23	32	43
23	33	42
23	34	41
23	35	40
23	36	39
23	37	38
24	25	49
24	26	48
24	27	47
24	28	46
24	29	45
24	30	44
24	31	43
24	32	42
24	33	41
24	34	40
24	35	39
24	36	38
24	37	37
25	25	48
25	26	47
25	27	46
25	28	45
25	29	44
25	30	43
25	31	42
25	32	41
25	33	40
25	34	39
25	35	38
25	36	37
26	26	46
26	27	45
26	28	44
26	29	43
26	30	42
26	31	41
26	32	40
26	33	39
26	34	38
26	35	37
26	36	36
27	27	44
27	28	43
27	29	42
27	30	41
27	31	40
27	32	39
27	33	38
27	34	37
27	35	36
28	28	42
28	29	41
28	30	40
28	31	39
28	32	38
28	33	37
28	34	36
28	35	35
29	29	40
29	30	39
29	31	38
29	32	37
29	33	36
29	34	35
30	30	38
30	31	37
30	32	36
30	33	35
30	34	34
31	31	36
31	32	35
31	33	34
32	32	34
32	33	33
1	49	49
2	48	49
3	47	49
3	48	48
4	46	49
4	47	48
5	45	49
5	46	48
5	47	47
6	44	49
6	45	48
6	46	47
7	43	49
7	44	48
7	45	47
7	46	46
8	42	49
8	43	48
8	44	47
8	45	46
9	41	49
9	42	48
9	43	47
9	44	46
9	45	45
10	40	49
10	41	48
10	42	47
10	43	46
10	44	45
11	39	49
11	40	48
11	41	47
11	42	46
11	43	45
11	44	44
12	38	49
12	39	48
12	40	47
12	41	46
12	42	45
12	43	44
13	37	49
13	38	48
13	39	47
13	40	46
13	41	45
13	42	44
13	43	43
14	36	49
14	37	48
14	38	47
14	39	46
14	40	45
14	41	44
14	42	43
15	35	49
15	36	48
15	37	47
15	38	46
15	39	45
15	40	44
15	41	43
15	42	42
16	34	49
16	35	48
16	36	47
16	37	46
16	38	45
16	39	44
16	40	43
16	41	42
17	33	49
17	34	48
17	35	47
17	36	46
17	37	45
17	38	44
17	39	43
17	40	42
17	41	41
18	32	49
18	33	48
18	34	47
18	35	46
18	36	45
18	37	44
18	38	43
18	39	42
18	40	41
19	31	49
19	32	48
19	33	47
19	34	46
19	35	45
19	36	44
19	37	43
19	38	42
19	39	41
19	40	40
20	30	49
20	31	48
20	32	47
20	33	46
20	34	45
20	35	44
20	36	43
20	37	42
20	38	41
20	39	40
21	29	49
21	30	48
21	31	47
21	32	46
21	33	45
21	34	44
21	35	43
21	36	42
21	37	41
21	38	40
21	39	39
22	28	49
22	29	48
22	30	47
22	31	46
22	32	45
22	33	44
22	34	43
22	35	42
22	36	41
22	37	40
22	38	39
23	27	49
23	28	48
23	29	47
23	30	46
23	31	45
23	32	44
23	33	43
23	34	42
23	35	41
23	36	40
23	37	39
23	38	38
24	26	49
24	27	48
24	28	47
24	29	46
24	30	45
24	31	44
24	32	43
24	33	42
24	34	41
24	35	40
24	36	39
24	37	38
25	25	49
25	26	48
25	27	47
25	28	46
25	29	45
25	30	44
25	31	43
25	32	42
25	33	41
25	34	40
25	35	39
25	36	38
25	37	37
26	26	47
26	27	46
26	28	45
26	29	44
26	30	43
26	31	42
26	32	41
26	33	40
26	34	39
26	35	38
26	36	37
27	27	45
27	28	44
27	29	43
27	30	42
27	31	41
27	32	40
27	33	39
27	34	38
27	35	37
27	36	36
28	28	43
28	29	42
28	30	41
28	31	40
28	32	39
28	33	38
28	34	37
28	35	36
29	29	41
29	30	40
29	31	39
29	32	38
29	33	37
29	34	36
29	35	35
30	30	39
30	31	38
30	32	37
30	33	36
30	34	35
31	31	37
31	32	36
31	33	35
31	34	34
32	32	35
32	33	34
33	33	33
1	49	50
2	48	50
2	49	49
3	47	50
3	48	49
4	46	50
4	47	49
4	48	48
5	45	50
5	46	49
5	47	48
6	44	50
6	45	49
6	46	48
6	47	47
7	43	50
7	44	49
7	45	48
7	46	47
8	42	50
8	43	49
8	44	48
8	45	47
8	46	46
9	41	50
9	42	49
9	43	48
9	44	47
9	45	46
10	40	50
10	41	49
10	42	48
10	43	47
10	44	46
10	45	45
11	39	50
11	40	49
11	41	48
11	42	47
11	43	46
11	44	45
12	38	50
12	39	49
12	40	48
12	41	47
12	42	46
12	43	45
12	44	44
13	37	50
13	38	49
13	39	48
13	40	47
13	41	46
13	42	45
13	43	44
14	36	50
14	37	49
14	38	48
14	39	47
14	40	46
14	41	45
14	42	44
14	43	43
15	35	50
15	36	49
15	37	48
15	38	47
15	39	46
15	40	45
15	41	44
15	42	43
16	34	50
16	35	49
16	36	48
16	37	47
16	38	46
16	39	45
16	40	44
16	41	43
16	42	42
17	33	50
17	34	49
17	35	48
17	36	47
17	37	46
17	38	45
17	39	44
17	40	43
17	41	42
18	32	50
18	33	49
18	34	48
18	35	47
18	36	46
18	37	45
18	38	44
18	39	43
18	40	42
18	41	41
19	31	50
19	32	49
19	33	48
19	34	47
19	35	46
19	36	45
19	37	44
19	38	43
19	39	42
19	40	41
20	30	50
20	31	49
20	32	48
20	33	47
20	34	46
20	35	45
20	36	44
20	37	43
20	38	42
20	39	41
20	40	40
21	29	50
21	30	49
21	31	48
21	32	47
21	33	46
21	34	45
21	35	44
21	36	43
21	37	42
21	38	41
21	39	40
22	28	50
22	29	49
22	30	48
22	31	47
22	32	46
22	33	45
22	34	44
22	35	43
22	36	42
22	37	41
22	38	40
22	39	39
23	27	50
23	28	49
23	29	48
23	30	47
23	31	46
23	32	45
23	33	44
23	34	43
23	35	42
23	36	41
23	37	40
23	38	39
24	26	50
24	27	49
24	28	48
24	29	47
24	30	46
24	31	45
24	32	44
24	33	43
24	34	42
24	35	41
24	36	40
24	37	39
24	38	38
25	25	50
25	26	49
25	27	48
25	28	47
25	29	46
25	30	45
25	31	44
25	32	43
25	33	42
25	34	41
25	35	40
25	36	39
25	37	38
26	26	48
26	27	47
26	28	46
26	29	45
26	30	44
26	31	43
26	32	42
26	33	41
26	34	40
26	35	39
26	36	38
26	37	37
27	27	46
27	28	45
27	29	44
27	30	43
27	31	42
27	32	41
27	33	40
27	34	39
27	35	38
27	36	37
28	28	44
28	29	43
28	30	42
28	31	41
28	32	40
28	33	39
28	34	38
28	35	37
28	36	36
29	29	42
29	30	41
29	31	40
29	32	39
29	33	38
29	34	37
29	35	36
30	30	40
30	31	39
30	32	38
30	33	37
30	34	36
30	35	35
31	31	38
31	32	37
31	33	36
31	34	35
32	32	36
32	33	35
32	34	34
33	33	34
